-1;-1
-1;-1
-1;-1
-1;-1
-1;-1
-1;-1
-1;-1
-1;-1
-1;-1
-1;-1
-1;-1
-1;-1
-1;-1
-1;-1
-1;-1
-1;-1
-1;-1
-1;-1
-1;-1
-1;-1
-1;-1
-1;-1
-1;-1
-1;-1
-1;-1
-1;-1
-1;-1
-1;-1
-1;-1
-1;-1
-1;-1
-1;-1
-1;-1
-1;-1
-1;-1
-1;-1
-1;-1
-1;-1
-1;-1
-1;-1
-1;-1
-1;-1
-1;-1
-1;-1
-1;-1
-1;-1
-1;-1
-1;-1
-1;-1
-1;-1
-1;-1
-1;-1
-1;-1
-1;-1
-1;-1
-1;-1
-1;-1
-1;-1
-1;-1
-1;-1
-1;-1
-1;-1
-1;-1
-1;-1
-1;-1
-1;-1
-1;-1
-1;-1
-1;-1
-1;-1
-1;-1
-1;-1
-1;-1
1;1
2;1
3;1
4;1
5;1
6;1
7;1
8;1
9;1
10;1
11;1
12;1
13;1
14;1
15;1
16;1
17;1
18;1
19;1
20;1
21;1
22;1
23;1
24;1
25;1
26;1
27;1
28;1
29;1
30;1
31;1
32;1
33;1
34;1
35;1
36;1
37;1
38;1
39;1
40;1
41;1
42;1
43;1
44;1
45;1
46;1
47;1
48;1
49;1
50;1
51;1
52;1
53;1
54;1
55;1
56;1
57;1
58;1
59;1
60;1
61;1
62;1
63;1
64;1
65;1
66;1
67;1
68;1
69;1
-1;-1
-1;-1
-1;-1
1;2
-1;-1
-1;-1
-1;-1
-1;-1
-1;-1
-1;-1
-1;-1
-1;-1
-1;-1
-1;-1
-1;-1
-1;-1
-1;-1
-1;-1
-1;-1
-1;-1
-1;-1
19;2
-1;-1
-1;-1
-1;-1
-1;-1
-1;-1
-1;-1
-1;-1
27;2
-1;-1
-1;-1
-1;-1
-1;-1
-1;-1
-1;-1
-1;-1
-1;-1
-1;-1
-1;-1
-1;-1
-1;-1
-1;-1
-1;-1
-1;-1
43;2
-1;-1
-1;-1
-1;-1
-1;-1
-1;-1
-1;-1
-1;-1
51;2
-1;-1
-1;-1
-1;-1
-1;-1
-1;-1
-1;-1
-1;-1
-1;-1
-1;-1
-1;-1
-1;-1
-1;-1
-1;-1
-1;-1
-1;-1
-1;-1
-1;-1
69;2
-1;-1
-1;-1
-1;-1
1;3
-1;-1
-1;-1
-1;-1
-1;-1
-1;-1
-1;-1
-1;-1
-1;-1
-1;-1
-1;-1
-1;-1
-1;-1
-1;-1
-1;-1
-1;-1
-1;-1
-1;-1
19;3
-1;-1
-1;-1
-1;-1
-1;-1
-1;-1
-1;-1
-1;-1
27;3
-1;-1
-1;-1
-1;-1
-1;-1
-1;-1
-1;-1
-1;-1
-1;-1
-1;-1
-1;-1
-1;-1
-1;-1
-1;-1
-1;-1
-1;-1
43;3
-1;-1
-1;-1
-1;-1
-1;-1
-1;-1
-1;-1
-1;-1
51;3
-1;-1
-1;-1
-1;-1
-1;-1
-1;-1
-1;-1
-1;-1
-1;-1
-1;-1
-1;-1
-1;-1
-1;-1
-1;-1
-1;-1
-1;-1
-1;-1
-1;-1
69;3
-1;-1
-1;-1
-1;-1
1;4
-1;-1
-1;-1
-1;-1
-1;-1
-1;-1
-1;-1
-1;-1
-1;-1
-1;-1
-1;-1
-1;-1
-1;-1
-1;-1
-1;-1
-1;-1
-1;-1
-1;-1
19;4
-1;-1
-1;-1
-1;-1
-1;-1
-1;-1
-1;-1
-1;-1
27;4
-1;-1
-1;-1
-1;-1
-1;-1
-1;-1
-1;-1
-1;-1
-1;-1
-1;-1
-1;-1
-1;-1
-1;-1
-1;-1
-1;-1
-1;-1
43;4
-1;-1
-1;-1
-1;-1
-1;-1
-1;-1
-1;-1
-1;-1
51;4
-1;-1
-1;-1
-1;-1
-1;-1
-1;-1
-1;-1
-1;-1
-1;-1
-1;-1
-1;-1
-1;-1
-1;-1
-1;-1
-1;-1
-1;-1
-1;-1
-1;-1
69;4
-1;-1
-1;-1
-1;-1
1;5
-1;-1
-1;-1
-1;-1
-1;-1
-1;-1
-1;-1
-1;-1
-1;-1
-1;-1
-1;-1
-1;-1
-1;-1
-1;-1
-1;-1
-1;-1
-1;-1
-1;-1
19;5
-1;-1
-1;-1
-1;-1
-1;-1
-1;-1
-1;-1
-1;-1
27;5
-1;-1
-1;-1
-1;-1
-1;-1
-1;-1
-1;-1
-1;-1
-1;-1
-1;-1
-1;-1
-1;-1
-1;-1
-1;-1
-1;-1
-1;-1
43;5
-1;-1
-1;-1
-1;-1
-1;-1
-1;-1
-1;-1
-1;-1
51;5
-1;-1
-1;-1
-1;-1
-1;-1
-1;-1
-1;-1
-1;-1
-1;-1
-1;-1
-1;-1
-1;-1
-1;-1
-1;-1
-1;-1
-1;-1
-1;-1
-1;-1
69;5
-1;-1
-1;-1
-1;-1
1;6
-1;-1
-1;-1
-1;-1
-1;-1
-1;-1
-1;-1
-1;-1
-1;-1
-1;-1
-1;-1
-1;-1
-1;-1
-1;-1
-1;-1
-1;-1
-1;-1
-1;-1
19;6
-1;-1
-1;-1
-1;-1
-1;-1
-1;-1
-1;-1
-1;-1
27;6
-1;-1
-1;-1
-1;-1
-1;-1
-1;-1
-1;-1
-1;-1
-1;-1
-1;-1
-1;-1
-1;-1
-1;-1
-1;-1
-1;-1
-1;-1
43;6
-1;-1
-1;-1
-1;-1
-1;-1
-1;-1
-1;-1
-1;-1
51;6
-1;-1
-1;-1
-1;-1
-1;-1
-1;-1
-1;-1
-1;-1
-1;-1
-1;-1
-1;-1
-1;-1
-1;-1
-1;-1
-1;-1
-1;-1
-1;-1
-1;-1
69;6
-1;-1
-1;-1
-1;-1
1;7
-1;-1
-1;-1
-1;-1
-1;-1
-1;-1
-1;-1
-1;-1
-1;-1
-1;-1
-1;-1
-1;-1
-1;-1
-1;-1
-1;-1
-1;-1
-1;-1
-1;-1
19;7
-1;-1
-1;-1
-1;-1
-1;-1
-1;-1
-1;-1
-1;-1
27;7
-1;-1
-1;-1
-1;-1
-1;-1
-1;-1
-1;-1
-1;-1
-1;-1
-1;-1
-1;-1
-1;-1
-1;-1
-1;-1
-1;-1
-1;-1
43;7
-1;-1
-1;-1
-1;-1
-1;-1
-1;-1
-1;-1
-1;-1
51;7
-1;-1
-1;-1
-1;-1
-1;-1
-1;-1
-1;-1
-1;-1
-1;-1
-1;-1
-1;-1
-1;-1
-1;-1
-1;-1
-1;-1
-1;-1
-1;-1
-1;-1
69;7
-1;-1
-1;-1
-1;-1
1;8
-1;-1
-1;-1
-1;-1
-1;-1
-1;-1
-1;-1
-1;-1
-1;-1
-1;-1
-1;-1
-1;-1
-1;-1
-1;-1
-1;-1
-1;-1
-1;-1
-1;-1
19;8
-1;-1
-1;-1
-1;-1
-1;-1
-1;-1
-1;-1
-1;-1
27;8
-1;-1
-1;-1
-1;-1
-1;-1
-1;-1
-1;-1
-1;-1
-1;-1
-1;-1
-1;-1
-1;-1
-1;-1
-1;-1
-1;-1
-1;-1
43;8
-1;-1
-1;-1
-1;-1
-1;-1
-1;-1
-1;-1
-1;-1
51;8
-1;-1
-1;-1
-1;-1
-1;-1
-1;-1
-1;-1
-1;-1
-1;-1
-1;-1
-1;-1
-1;-1
-1;-1
-1;-1
-1;-1
-1;-1
-1;-1
-1;-1
69;8
-1;-1
-1;-1
-1;-1
1;9
-1;-1
-1;-1
-1;-1
-1;-1
-1;-1
-1;-1
-1;-1
-1;-1
-1;-1
-1;-1
-1;-1
-1;-1
-1;-1
-1;-1
-1;-1
-1;-1
-1;-1
19;9
-1;-1
-1;-1
-1;-1
-1;-1
-1;-1
-1;-1
-1;-1
27;9
-1;-1
-1;-1
-1;-1
-1;-1
-1;-1
-1;-1
-1;-1
-1;-1
-1;-1
-1;-1
-1;-1
-1;-1
-1;-1
-1;-1
-1;-1
43;9
-1;-1
-1;-1
-1;-1
-1;-1
-1;-1
-1;-1
-1;-1
51;9
-1;-1
-1;-1
-1;-1
-1;-1
-1;-1
-1;-1
-1;-1
-1;-1
-1;-1
-1;-1
-1;-1
-1;-1
-1;-1
-1;-1
-1;-1
-1;-1
-1;-1
69;9
-1;-1
-1;-1
-1;-1
1;10
-1;-1
-1;-1
-1;-1
-1;-1
-1;-1
-1;-1
-1;-1
-1;-1
-1;-1
-1;-1
-1;-1
-1;-1
-1;-1
-1;-1
-1;-1
-1;-1
-1;-1
19;10
-1;-1
-1;-1
-1;-1
-1;-1
-1;-1
-1;-1
-1;-1
27;10
-1;-1
-1;-1
-1;-1
-1;-1
-1;-1
-1;-1
-1;-1
-1;-1
-1;-1
-1;-1
-1;-1
-1;-1
-1;-1
-1;-1
-1;-1
43;10
-1;-1
-1;-1
-1;-1
-1;-1
-1;-1
-1;-1
-1;-1
51;10
-1;-1
-1;-1
-1;-1
-1;-1
-1;-1
-1;-1
-1;-1
-1;-1
-1;-1
-1;-1
-1;-1
-1;-1
-1;-1
-1;-1
-1;-1
-1;-1
-1;-1
69;10
-1;-1
-1;-1
-1;-1
1;11
-1;-1
-1;-1
-1;-1
-1;-1
-1;-1
-1;-1
-1;-1
-1;-1
-1;-1
-1;-1
-1;-1
-1;-1
-1;-1
-1;-1
-1;-1
-1;-1
-1;-1
19;11
-1;-1
-1;-1
-1;-1
-1;-1
-1;-1
-1;-1
-1;-1
27;11
-1;-1
-1;-1
-1;-1
-1;-1
-1;-1
-1;-1
-1;-1
-1;-1
-1;-1
-1;-1
-1;-1
-1;-1
-1;-1
-1;-1
-1;-1
43;11
-1;-1
-1;-1
-1;-1
-1;-1
-1;-1
-1;-1
-1;-1
51;11
-1;-1
-1;-1
-1;-1
-1;-1
-1;-1
-1;-1
-1;-1
-1;-1
-1;-1
-1;-1
-1;-1
-1;-1
-1;-1
-1;-1
-1;-1
-1;-1
-1;-1
69;11
-1;-1
-1;-1
-1;-1
1;12
-1;-1
-1;-1
-1;-1
-1;-1
-1;-1
-1;-1
-1;-1
-1;-1
-1;-1
-1;-1
-1;-1
-1;-1
-1;-1
-1;-1
-1;-1
-1;-1
-1;-1
19;12
-1;-1
-1;-1
-1;-1
-1;-1
-1;-1
-1;-1
-1;-1
27;12
-1;-1
-1;-1
-1;-1
-1;-1
-1;-1
-1;-1
-1;-1
-1;-1
-1;-1
-1;-1
-1;-1
-1;-1
-1;-1
-1;-1
-1;-1
43;12
-1;-1
-1;-1
-1;-1
-1;-1
-1;-1
-1;-1
-1;-1
51;12
-1;-1
-1;-1
-1;-1
-1;-1
-1;-1
-1;-1
-1;-1
-1;-1
-1;-1
-1;-1
-1;-1
-1;-1
-1;-1
-1;-1
-1;-1
-1;-1
-1;-1
69;12
-1;-1
-1;-1
-1;-1
1;13
-1;-1
-1;-1
-1;-1
-1;-1
-1;-1
-1;-1
-1;-1
-1;-1
-1;-1
-1;-1
-1;-1
-1;-1
-1;-1
-1;-1
-1;-1
-1;-1
-1;-1
19;13
-1;-1
-1;-1
-1;-1
-1;-1
-1;-1
-1;-1
-1;-1
27;13
-1;-1
-1;-1
-1;-1
-1;-1
-1;-1
-1;-1
-1;-1
-1;-1
-1;-1
-1;-1
-1;-1
-1;-1
-1;-1
-1;-1
-1;-1
43;13
-1;-1
-1;-1
-1;-1
-1;-1
-1;-1
-1;-1
-1;-1
51;13
-1;-1
-1;-1
-1;-1
-1;-1
-1;-1
-1;-1
-1;-1
-1;-1
-1;-1
-1;-1
-1;-1
-1;-1
-1;-1
-1;-1
-1;-1
-1;-1
-1;-1
69;13
-1;-1
-1;-1
-1;-1
1;14
-1;-1
-1;-1
-1;-1
-1;-1
-1;-1
-1;-1
-1;-1
-1;-1
-1;-1
-1;-1
-1;-1
-1;-1
-1;-1
-1;-1
-1;-1
-1;-1
-1;-1
19;14
-1;-1
-1;-1
-1;-1
-1;-1
-1;-1
-1;-1
-1;-1
27;14
-1;-1
-1;-1
-1;-1
-1;-1
-1;-1
-1;-1
-1;-1
-1;-1
-1;-1
-1;-1
-1;-1
-1;-1
-1;-1
-1;-1
-1;-1
43;14
-1;-1
-1;-1
-1;-1
-1;-1
-1;-1
-1;-1
-1;-1
51;14
-1;-1
-1;-1
-1;-1
-1;-1
-1;-1
-1;-1
-1;-1
-1;-1
-1;-1
-1;-1
-1;-1
-1;-1
-1;-1
-1;-1
-1;-1
-1;-1
-1;-1
69;14
-1;-1
-1;-1
-1;-1
1;15
2;15
3;15
4;15
5;15
6;15
7;15
8;15
9;15
10;15
11;15
12;15
13;15
14;15
15;15
16;15
17;15
18;15
19;15
-1;-1
-1;-1
-1;-1
-1;-1
-1;-1
-1;-1
-1;-1
27;15
-1;-1
-1;-1
-1;-1
-1;-1
-1;-1
-1;-1
-1;-1
-1;-1
-1;-1
-1;-1
-1;-1
-1;-1
-1;-1
-1;-1
-1;-1
43;15
-1;-1
-1;-1
-1;-1
-1;-1
-1;-1
-1;-1
-1;-1
51;15
52;15
53;15
54;15
55;15
56;15
57;15
58;15
59;15
60;15
61;15
62;15
63;15
64;15
65;15
66;15
67;15
68;15
69;15
-1;-1
-1;-1
-1;-1
1;16
-1;-1
-1;-1
-1;-1
-1;-1
-1;-1
-1;-1
-1;-1
-1;-1
-1;-1
-1;-1
-1;-1
-1;-1
-1;-1
-1;-1
-1;-1
-1;-1
-1;-1
19;16
-1;-1
-1;-1
-1;-1
-1;-1
-1;-1
-1;-1
-1;-1
27;16
-1;-1
-1;-1
-1;-1
-1;-1
-1;-1
-1;-1
-1;-1
-1;-1
-1;-1
-1;-1
-1;-1
-1;-1
-1;-1
-1;-1
-1;-1
43;16
-1;-1
-1;-1
-1;-1
-1;-1
-1;-1
-1;-1
-1;-1
51;16
-1;-1
-1;-1
-1;-1
-1;-1
-1;-1
-1;-1
-1;-1
-1;-1
-1;-1
-1;-1
-1;-1
-1;-1
-1;-1
-1;-1
-1;-1
-1;-1
-1;-1
69;16
-1;-1
-1;-1
-1;-1
1;17
-1;-1
-1;-1
-1;-1
-1;-1
-1;-1
-1;-1
-1;-1
-1;-1
-1;-1
-1;-1
-1;-1
-1;-1
-1;-1
-1;-1
-1;-1
-1;-1
-1;-1
19;17
-1;-1
-1;-1
-1;-1
-1;-1
-1;-1
-1;-1
-1;-1
27;17
-1;-1
-1;-1
-1;-1
-1;-1
-1;-1
-1;-1
-1;-1
-1;-1
-1;-1
-1;-1
-1;-1
-1;-1
-1;-1
-1;-1
-1;-1
43;17
-1;-1
-1;-1
-1;-1
-1;-1
-1;-1
-1;-1
-1;-1
51;17
-1;-1
-1;-1
-1;-1
-1;-1
-1;-1
-1;-1
-1;-1
-1;-1
-1;-1
-1;-1
-1;-1
-1;-1
-1;-1
-1;-1
-1;-1
-1;-1
-1;-1
69;17
-1;-1
-1;-1
-1;-1
1;18
-1;-1
-1;-1
-1;-1
-1;-1
-1;-1
-1;-1
-1;-1
-1;-1
-1;-1
-1;-1
-1;-1
-1;-1
-1;-1
-1;-1
-1;-1
-1;-1
-1;-1
19;18
-1;-1
-1;-1
-1;-1
-1;-1
-1;-1
-1;-1
-1;-1
27;18
-1;-1
-1;-1
-1;-1
-1;-1
-1;-1
-1;-1
-1;-1
-1;-1
-1;-1
-1;-1
-1;-1
-1;-1
-1;-1
-1;-1
-1;-1
43;18
-1;-1
-1;-1
-1;-1
-1;-1
-1;-1
-1;-1
-1;-1
51;18
-1;-1
-1;-1
-1;-1
-1;-1
-1;-1
-1;-1
-1;-1
-1;-1
-1;-1
-1;-1
-1;-1
-1;-1
-1;-1
-1;-1
-1;-1
-1;-1
-1;-1
69;18
-1;-1
-1;-1
-1;-1
1;19
-1;-1
-1;-1
-1;-1
-1;-1
-1;-1
-1;-1
-1;-1
-1;-1
-1;-1
-1;-1
-1;-1
-1;-1
-1;-1
-1;-1
-1;-1
-1;-1
-1;-1
19;19
-1;-1
-1;-1
-1;-1
-1;-1
-1;-1
-1;-1
-1;-1
27;19
-1;-1
-1;-1
-1;-1
-1;-1
-1;-1
-1;-1
-1;-1
-1;-1
-1;-1
-1;-1
-1;-1
-1;-1
-1;-1
-1;-1
-1;-1
43;19
-1;-1
-1;-1
-1;-1
-1;-1
-1;-1
-1;-1
-1;-1
51;19
-1;-1
-1;-1
-1;-1
-1;-1
-1;-1
-1;-1
-1;-1
-1;-1
-1;-1
-1;-1
-1;-1
-1;-1
-1;-1
-1;-1
-1;-1
-1;-1
-1;-1
69;19
-1;-1
-1;-1
-1;-1
1;20
-1;-1
-1;-1
-1;-1
-1;-1
-1;-1
-1;-1
-1;-1
-1;-1
-1;-1
-1;-1
-1;-1
-1;-1
-1;-1
-1;-1
-1;-1
-1;-1
-1;-1
19;20
-1;-1
-1;-1
-1;-1
-1;-1
-1;-1
-1;-1
-1;-1
27;20
-1;-1
-1;-1
-1;-1
-1;-1
-1;-1
-1;-1
-1;-1
-1;-1
-1;-1
-1;-1
-1;-1
-1;-1
-1;-1
-1;-1
-1;-1
43;20
-1;-1
-1;-1
-1;-1
-1;-1
-1;-1
-1;-1
-1;-1
51;20
-1;-1
-1;-1
-1;-1
-1;-1
-1;-1
-1;-1
-1;-1
-1;-1
-1;-1
-1;-1
-1;-1
-1;-1
-1;-1
-1;-1
-1;-1
-1;-1
-1;-1
69;20
-1;-1
-1;-1
-1;-1
1;21
2;21
3;21
4;21
5;21
6;21
7;21
8;21
9;21
10;21
11;21
12;21
13;21
14;21
15;21
16;21
17;21
18;21
19;21
20;21
21;21
22;21
23;21
24;21
25;21
26;21
27;21
-1;-1
-1;-1
-1;-1
-1;-1
-1;-1
-1;-1
-1;-1
-1;-1
-1;-1
-1;-1
-1;-1
-1;-1
-1;-1
-1;-1
-1;-1
43;21
44;21
45;21
46;21
47;21
48;21
49;21
50;21
51;21
52;21
53;21
54;21
55;21
56;21
57;21
58;21
59;21
60;21
61;21
62;21
63;21
64;21
65;21
66;21
67;21
68;21
69;21
-1;-1
-1;-1
-1;-1
1;22
-1;-1
-1;-1
-1;-1
-1;-1
-1;-1
-1;-1
-1;-1
-1;-1
-1;-1
-1;-1
-1;-1
-1;-1
-1;-1
-1;-1
-1;-1
-1;-1
-1;-1
19;22
-1;-1
-1;-1
-1;-1
-1;-1
-1;-1
-1;-1
-1;-1
27;22
-1;-1
-1;-1
-1;-1
-1;-1
-1;-1
-1;-1
-1;-1
-1;-1
-1;-1
-1;-1
-1;-1
-1;-1
-1;-1
-1;-1
-1;-1
43;22
-1;-1
-1;-1
-1;-1
-1;-1
-1;-1
-1;-1
-1;-1
51;22
-1;-1
-1;-1
-1;-1
-1;-1
-1;-1
-1;-1
-1;-1
-1;-1
-1;-1
-1;-1
-1;-1
-1;-1
-1;-1
-1;-1
-1;-1
-1;-1
-1;-1
69;22
-1;-1
-1;-1
-1;-1
1;23
-1;-1
-1;-1
-1;-1
-1;-1
-1;-1
-1;-1
-1;-1
-1;-1
-1;-1
-1;-1
-1;-1
-1;-1
-1;-1
-1;-1
-1;-1
-1;-1
-1;-1
19;23
-1;-1
-1;-1
-1;-1
-1;-1
-1;-1
-1;-1
-1;-1
27;23
-1;-1
-1;-1
-1;-1
-1;-1
-1;-1
-1;-1
-1;-1
-1;-1
-1;-1
-1;-1
-1;-1
-1;-1
-1;-1
-1;-1
-1;-1
43;23
-1;-1
-1;-1
-1;-1
-1;-1
-1;-1
-1;-1
-1;-1
51;23
-1;-1
-1;-1
-1;-1
-1;-1
-1;-1
-1;-1
-1;-1
-1;-1
-1;-1
-1;-1
-1;-1
-1;-1
-1;-1
-1;-1
-1;-1
-1;-1
-1;-1
69;23
-1;-1
-1;-1
-1;-1
1;24
-1;-1
-1;-1
-1;-1
-1;-1
-1;-1
-1;-1
-1;-1
-1;-1
-1;-1
-1;-1
-1;-1
-1;-1
-1;-1
-1;-1
-1;-1
-1;-1
-1;-1
19;24
-1;-1
-1;-1
-1;-1
-1;-1
-1;-1
-1;-1
-1;-1
27;24
-1;-1
-1;-1
-1;-1
-1;-1
-1;-1
-1;-1
-1;-1
-1;-1
-1;-1
-1;-1
-1;-1
-1;-1
-1;-1
-1;-1
-1;-1
43;24
-1;-1
-1;-1
-1;-1
-1;-1
-1;-1
-1;-1
-1;-1
51;24
-1;-1
-1;-1
-1;-1
-1;-1
-1;-1
-1;-1
-1;-1
-1;-1
-1;-1
-1;-1
-1;-1
-1;-1
-1;-1
-1;-1
-1;-1
-1;-1
-1;-1
69;24
-1;-1
-1;-1
-1;-1
1;25
-1;-1
-1;-1
-1;-1
-1;-1
-1;-1
-1;-1
-1;-1
-1;-1
-1;-1
-1;-1
-1;-1
-1;-1
-1;-1
-1;-1
-1;-1
-1;-1
-1;-1
19;25
-1;-1
-1;-1
-1;-1
-1;-1
-1;-1
-1;-1
-1;-1
27;25
-1;-1
-1;-1
-1;-1
-1;-1
-1;-1
-1;-1
-1;-1
-1;-1
-1;-1
-1;-1
-1;-1
-1;-1
-1;-1
-1;-1
-1;-1
43;25
-1;-1
-1;-1
-1;-1
-1;-1
-1;-1
-1;-1
-1;-1
51;25
-1;-1
-1;-1
-1;-1
-1;-1
-1;-1
-1;-1
-1;-1
-1;-1
-1;-1
-1;-1
-1;-1
-1;-1
-1;-1
-1;-1
-1;-1
-1;-1
-1;-1
69;25
-1;-1
-1;-1
-1;-1
1;26
-1;-1
-1;-1
-1;-1
-1;-1
-1;-1
-1;-1
-1;-1
-1;-1
-1;-1
-1;-1
-1;-1
-1;-1
-1;-1
-1;-1
-1;-1
-1;-1
-1;-1
19;26
-1;-1
-1;-1
-1;-1
-1;-1
-1;-1
-1;-1
-1;-1
27;26
-1;-1
-1;-1
-1;-1
-1;-1
-1;-1
-1;-1
-1;-1
-1;-1
-1;-1
-1;-1
-1;-1
-1;-1
-1;-1
-1;-1
-1;-1
43;26
-1;-1
-1;-1
-1;-1
-1;-1
-1;-1
-1;-1
-1;-1
51;26
-1;-1
-1;-1
-1;-1
-1;-1
-1;-1
-1;-1
-1;-1
-1;-1
-1;-1
-1;-1
-1;-1
-1;-1
-1;-1
-1;-1
-1;-1
-1;-1
-1;-1
69;26
-1;-1
-1;-1
-1;-1
1;27
-1;-1
-1;-1
-1;-1
-1;-1
-1;-1
-1;-1
-1;-1
-1;-1
-1;-1
-1;-1
-1;-1
-1;-1
-1;-1
-1;-1
-1;-1
-1;-1
-1;-1
19;27
-1;-1
-1;-1
-1;-1
-1;-1
-1;-1
-1;-1
-1;-1
27;27
-1;-1
-1;-1
-1;-1
-1;-1
-1;-1
-1;-1
-1;-1
-1;-1
-1;-1
-1;-1
-1;-1
-1;-1
-1;-1
-1;-1
-1;-1
43;27
-1;-1
-1;-1
-1;-1
-1;-1
-1;-1
-1;-1
-1;-1
51;27
-1;-1
-1;-1
-1;-1
-1;-1
-1;-1
-1;-1
-1;-1
-1;-1
-1;-1
-1;-1
-1;-1
-1;-1
-1;-1
-1;-1
-1;-1
-1;-1
-1;-1
69;27
-1;-1
-1;-1
-1;-1
1;28
-1;-1
-1;-1
-1;-1
-1;-1
-1;-1
-1;-1
-1;-1
-1;-1
-1;-1
-1;-1
-1;-1
-1;-1
-1;-1
-1;-1
-1;-1
-1;-1
-1;-1
19;28
-1;-1
-1;-1
-1;-1
-1;-1
-1;-1
-1;-1
-1;-1
27;28
-1;-1
-1;-1
-1;-1
-1;-1
-1;-1
-1;-1
-1;-1
-1;-1
-1;-1
-1;-1
-1;-1
-1;-1
-1;-1
-1;-1
-1;-1
43;28
-1;-1
-1;-1
-1;-1
-1;-1
-1;-1
-1;-1
-1;-1
51;28
-1;-1
-1;-1
-1;-1
-1;-1
-1;-1
-1;-1
-1;-1
-1;-1
-1;-1
-1;-1
-1;-1
-1;-1
-1;-1
-1;-1
-1;-1
-1;-1
-1;-1
69;28
-1;-1
-1;-1
-1;-1
1;29
-1;-1
-1;-1
-1;-1
-1;-1
-1;-1
-1;-1
-1;-1
-1;-1
-1;-1
-1;-1
-1;-1
-1;-1
-1;-1
-1;-1
-1;-1
-1;-1
-1;-1
19;29
-1;-1
-1;-1
-1;-1
-1;-1
-1;-1
-1;-1
-1;-1
27;29
-1;-1
-1;-1
-1;-1
-1;-1
-1;-1
-1;-1
-1;-1
-1;-1
-1;-1
-1;-1
-1;-1
-1;-1
-1;-1
-1;-1
-1;-1
43;29
-1;-1
-1;-1
-1;-1
-1;-1
-1;-1
-1;-1
-1;-1
51;29
-1;-1
-1;-1
-1;-1
-1;-1
-1;-1
-1;-1
-1;-1
-1;-1
-1;-1
-1;-1
-1;-1
-1;-1
-1;-1
-1;-1
-1;-1
-1;-1
-1;-1
69;29
-1;-1
-1;-1
-1;-1
1;30
-1;-1
-1;-1
-1;-1
-1;-1
-1;-1
-1;-1
-1;-1
-1;-1
-1;-1
-1;-1
-1;-1
-1;-1
-1;-1
-1;-1
-1;-1
-1;-1
-1;-1
19;30
-1;-1
-1;-1
-1;-1
-1;-1
-1;-1
-1;-1
-1;-1
27;30
-1;-1
-1;-1
-1;-1
-1;-1
-1;-1
-1;-1
-1;-1
-1;-1
-1;-1
-1;-1
-1;-1
-1;-1
-1;-1
-1;-1
-1;-1
43;30
-1;-1
-1;-1
-1;-1
-1;-1
-1;-1
-1;-1
-1;-1
51;30
-1;-1
-1;-1
-1;-1
-1;-1
-1;-1
-1;-1
-1;-1
-1;-1
-1;-1
-1;-1
-1;-1
-1;-1
-1;-1
-1;-1
-1;-1
-1;-1
-1;-1
69;30
-1;-1
-1;-1
-1;-1
1;31
-1;-1
-1;-1
-1;-1
-1;-1
-1;-1
-1;-1
-1;-1
-1;-1
-1;-1
-1;-1
-1;-1
-1;-1
-1;-1
-1;-1
-1;-1
-1;-1
-1;-1
19;31
-1;-1
-1;-1
-1;-1
-1;-1
-1;-1
-1;-1
-1;-1
-1;-1
-1;-1
-1;-1
-1;-1
-1;-1
-1;-1
-1;-1
-1;-1
-1;-1
-1;-1
-1;-1
-1;-1
-1;-1
-1;-1
-1;-1
-1;-1
-1;-1
-1;-1
-1;-1
-1;-1
-1;-1
-1;-1
-1;-1
-1;-1
51;31
-1;-1
-1;-1
-1;-1
-1;-1
-1;-1
-1;-1
-1;-1
-1;-1
-1;-1
-1;-1
-1;-1
-1;-1
-1;-1
-1;-1
-1;-1
-1;-1
-1;-1
69;31
-1;-1
-1;-1
-1;-1
1;32
-1;-1
-1;-1
-1;-1
-1;-1
-1;-1
-1;-1
-1;-1
-1;-1
-1;-1
-1;-1
-1;-1
-1;-1
-1;-1
-1;-1
-1;-1
-1;-1
-1;-1
19;32
-1;-1
-1;-1
-1;-1
-1;-1
-1;-1
-1;-1
-1;-1
-1;-1
-1;-1
-1;-1
-1;-1
-1;-1
-1;-1
-1;-1
-1;-1
-1;-1
-1;-1
-1;-1
-1;-1
-1;-1
-1;-1
-1;-1
-1;-1
-1;-1
-1;-1
-1;-1
-1;-1
-1;-1
-1;-1
-1;-1
-1;-1
51;32
-1;-1
-1;-1
-1;-1
-1;-1
-1;-1
-1;-1
-1;-1
-1;-1
-1;-1
-1;-1
-1;-1
-1;-1
-1;-1
-1;-1
-1;-1
-1;-1
-1;-1
69;32
-1;-1
-1;-1
-1;-1
1;33
-1;-1
-1;-1
-1;-1
-1;-1
-1;-1
-1;-1
-1;-1
-1;-1
-1;-1
-1;-1
-1;-1
13;33
14;33
15;33
16;33
17;33
18;33
19;33
20;33
21;33
22;33
23;33
-1;-1
-1;-1
-1;-1
-1;-1
-1;-1
-1;-1
-1;-1
-1;-1
-1;-1
-1;-1
-1;-1
-1;-1
-1;-1
-1;-1
-1;-1
-1;-1
-1;-1
-1;-1
-1;-1
-1;-1
-1;-1
-1;-1
-1;-1
47;33
48;33
49;33
50;33
51;33
52;33
53;33
54;33
55;33
56;33
57;33
-1;-1
-1;-1
-1;-1
-1;-1
-1;-1
-1;-1
-1;-1
-1;-1
-1;-1
-1;-1
-1;-1
69;33
-1;-1
-1;-1
-1;-1
1;34
-1;-1
-1;-1
-1;-1
-1;-1
-1;-1
-1;-1
-1;-1
-1;-1
-1;-1
-1;-1
-1;-1
13;34
-1;-1
-1;-1
-1;-1
-1;-1
-1;-1
-1;-1
-1;-1
-1;-1
-1;-1
23;34
-1;-1
-1;-1
-1;-1
-1;-1
-1;-1
-1;-1
-1;-1
-1;-1
-1;-1
-1;-1
-1;-1
-1;-1
-1;-1
-1;-1
-1;-1
-1;-1
-1;-1
-1;-1
-1;-1
-1;-1
-1;-1
-1;-1
-1;-1
47;34
-1;-1
-1;-1
-1;-1
-1;-1
-1;-1
-1;-1
-1;-1
-1;-1
-1;-1
57;34
-1;-1
-1;-1
-1;-1
-1;-1
-1;-1
-1;-1
-1;-1
-1;-1
-1;-1
-1;-1
-1;-1
69;34
-1;-1
-1;-1
-1;-1
1;35
-1;-1
-1;-1
-1;-1
-1;-1
-1;-1
-1;-1
-1;-1
-1;-1
-1;-1
-1;-1
-1;-1
13;35
-1;-1
-1;-1
-1;-1
-1;-1
-1;-1
-1;-1
-1;-1
-1;-1
-1;-1
23;35
-1;-1
-1;-1
-1;-1
-1;-1
-1;-1
-1;-1
-1;-1
-1;-1
-1;-1
-1;-1
-1;-1
-1;-1
-1;-1
-1;-1
-1;-1
-1;-1
-1;-1
-1;-1
-1;-1
-1;-1
-1;-1
-1;-1
-1;-1
47;35
-1;-1
-1;-1
-1;-1
-1;-1
-1;-1
-1;-1
-1;-1
-1;-1
-1;-1
57;35
-1;-1
-1;-1
-1;-1
-1;-1
-1;-1
-1;-1
-1;-1
-1;-1
-1;-1
-1;-1
-1;-1
69;35
-1;-1
-1;-1
-1;-1
1;36
-1;-1
-1;-1
-1;-1
-1;-1
-1;-1
-1;-1
-1;-1
-1;-1
-1;-1
-1;-1
-1;-1
13;36
-1;-1
-1;-1
-1;-1
-1;-1
-1;-1
-1;-1
-1;-1
-1;-1
-1;-1
23;36
-1;-1
-1;-1
-1;-1
-1;-1
-1;-1
-1;-1
-1;-1
-1;-1
-1;-1
-1;-1
-1;-1
-1;-1
-1;-1
-1;-1
-1;-1
-1;-1
-1;-1
-1;-1
-1;-1
-1;-1
-1;-1
-1;-1
-1;-1
47;36
-1;-1
-1;-1
-1;-1
-1;-1
-1;-1
-1;-1
-1;-1
-1;-1
-1;-1
57;36
-1;-1
-1;-1
-1;-1
-1;-1
-1;-1
-1;-1
-1;-1
-1;-1
-1;-1
-1;-1
-1;-1
69;36
-1;-1
-1;-1
-1;-1
1;37
-1;-1
-1;-1
-1;-1
-1;-1
-1;-1
-1;-1
-1;-1
-1;-1
-1;-1
-1;-1
-1;-1
13;37
-1;-1
-1;-1
-1;-1
-1;-1
-1;-1
-1;-1
-1;-1
-1;-1
-1;-1
23;37
24;37
25;37
26;37
27;37
28;37
29;37
30;37
31;37
32;37
33;37
34;37
35;37
36;37
37;37
38;37
39;37
40;37
41;37
42;37
43;37
44;37
45;37
46;37
47;37
-1;-1
-1;-1
-1;-1
-1;-1
-1;-1
-1;-1
-1;-1
-1;-1
-1;-1
57;37
-1;-1
-1;-1
-1;-1
-1;-1
-1;-1
-1;-1
-1;-1
-1;-1
-1;-1
-1;-1
-1;-1
69;37
-1;-1
-1;-1
-1;-1
1;38
-1;-1
-1;-1
-1;-1
-1;-1
-1;-1
-1;-1
-1;-1
-1;-1
-1;-1
-1;-1
-1;-1
13;38
-1;-1
-1;-1
-1;-1
-1;-1
-1;-1
-1;-1
-1;-1
-1;-1
-1;-1
23;38
-1;-1
-1;-1
-1;-1
-1;-1
-1;-1
-1;-1
-1;-1
-1;-1
-1;-1
-1;-1
-1;-1
35;38
-1;-1
-1;-1
-1;-1
-1;-1
-1;-1
-1;-1
-1;-1
-1;-1
-1;-1
-1;-1
-1;-1
47;38
-1;-1
-1;-1
-1;-1
-1;-1
-1;-1
-1;-1
-1;-1
-1;-1
-1;-1
57;38
-1;-1
-1;-1
-1;-1
-1;-1
-1;-1
-1;-1
-1;-1
-1;-1
-1;-1
-1;-1
-1;-1
69;38
-1;-1
-1;-1
-1;-1
1;39
-1;-1
-1;-1
-1;-1
-1;-1
-1;-1
-1;-1
-1;-1
-1;-1
-1;-1
-1;-1
-1;-1
13;39
-1;-1
-1;-1
-1;-1
-1;-1
-1;-1
-1;-1
-1;-1
-1;-1
-1;-1
23;39
-1;-1
-1;-1
-1;-1
-1;-1
-1;-1
-1;-1
-1;-1
-1;-1
-1;-1
-1;-1
-1;-1
35;39
-1;-1
-1;-1
-1;-1
-1;-1
-1;-1
-1;-1
-1;-1
-1;-1
-1;-1
-1;-1
-1;-1
47;39
-1;-1
-1;-1
-1;-1
-1;-1
-1;-1
-1;-1
-1;-1
-1;-1
-1;-1
57;39
-1;-1
-1;-1
-1;-1
-1;-1
-1;-1
-1;-1
-1;-1
-1;-1
-1;-1
-1;-1
-1;-1
69;39
-1;-1
-1;-1
-1;-1
1;40
-1;-1
-1;-1
-1;-1
-1;-1
-1;-1
-1;-1
-1;-1
-1;-1
-1;-1
-1;-1
-1;-1
13;40
-1;-1
-1;-1
-1;-1
-1;-1
-1;-1
-1;-1
-1;-1
-1;-1
-1;-1
23;40
-1;-1
-1;-1
-1;-1
-1;-1
-1;-1
-1;-1
-1;-1
-1;-1
-1;-1
-1;-1
-1;-1
35;40
-1;-1
-1;-1
-1;-1
-1;-1
-1;-1
-1;-1
-1;-1
-1;-1
-1;-1
-1;-1
-1;-1
47;40
-1;-1
-1;-1
-1;-1
-1;-1
-1;-1
-1;-1
-1;-1
-1;-1
-1;-1
57;40
-1;-1
-1;-1
-1;-1
-1;-1
-1;-1
-1;-1
-1;-1
-1;-1
-1;-1
-1;-1
-1;-1
69;40
-1;-1
-1;-1
-1;-1
1;41
-1;-1
-1;-1
-1;-1
-1;-1
-1;-1
-1;-1
-1;-1
-1;-1
-1;-1
-1;-1
-1;-1
13;41
-1;-1
-1;-1
-1;-1
-1;-1
-1;-1
-1;-1
-1;-1
-1;-1
-1;-1
23;41
-1;-1
-1;-1
-1;-1
-1;-1
-1;-1
-1;-1
-1;-1
-1;-1
-1;-1
-1;-1
-1;-1
35;41
-1;-1
-1;-1
-1;-1
-1;-1
-1;-1
-1;-1
-1;-1
-1;-1
-1;-1
-1;-1
-1;-1
47;41
-1;-1
-1;-1
-1;-1
-1;-1
-1;-1
-1;-1
-1;-1
-1;-1
-1;-1
57;41
-1;-1
-1;-1
-1;-1
-1;-1
-1;-1
-1;-1
-1;-1
-1;-1
-1;-1
-1;-1
-1;-1
69;41
-1;-1
-1;-1
-1;-1
1;42
-1;-1
-1;-1
-1;-1
-1;-1
-1;-1
-1;-1
-1;-1
-1;-1
-1;-1
-1;-1
-1;-1
13;42
-1;-1
-1;-1
-1;-1
-1;-1
-1;-1
-1;-1
-1;-1
-1;-1
-1;-1
23;42
-1;-1
-1;-1
-1;-1
-1;-1
-1;-1
-1;-1
-1;-1
-1;-1
-1;-1
-1;-1
-1;-1
35;42
-1;-1
-1;-1
-1;-1
-1;-1
-1;-1
-1;-1
-1;-1
-1;-1
-1;-1
-1;-1
-1;-1
47;42
-1;-1
-1;-1
-1;-1
-1;-1
-1;-1
-1;-1
-1;-1
-1;-1
-1;-1
57;42
-1;-1
-1;-1
-1;-1
-1;-1
-1;-1
-1;-1
-1;-1
-1;-1
-1;-1
-1;-1
-1;-1
69;42
-1;-1
-1;-1
-1;-1
1;43
2;43
3;43
4;43
5;43
6;43
7;43
8;43
9;43
10;43
11;43
12;43
13;43
14;43
15;43
16;43
17;43
18;43
19;43
20;43
21;43
22;43
23;43
24;43
25;43
26;43
27;43
28;43
29;43
30;43
31;43
32;43
33;43
34;43
35;43
36;43
37;43
38;43
39;43
40;43
41;43
42;43
43;43
44;43
45;43
46;43
47;43
48;43
49;43
50;43
51;43
52;43
53;43
54;43
55;43
56;43
57;43
58;43
59;43
60;43
61;43
62;43
63;43
64;43
65;43
66;43
67;43
68;43
69;43
-1;-1
-1;-1
-1;-1
-1;-1
-1;-1
-1;-1
-1;-1
-1;-1
-1;-1
-1;-1
-1;-1
-1;-1
-1;-1
-1;-1
-1;-1
-1;-1
-1;-1
-1;-1
-1;-1
-1;-1
-1;-1
19;44
-1;-1
-1;-1
-1;-1
-1;-1
-1;-1
-1;-1
-1;-1
-1;-1
-1;-1
-1;-1
-1;-1
-1;-1
-1;-1
-1;-1
-1;-1
-1;-1
-1;-1
-1;-1
-1;-1
-1;-1
-1;-1
-1;-1
-1;-1
-1;-1
-1;-1
-1;-1
-1;-1
-1;-1
-1;-1
-1;-1
-1;-1
51;44
-1;-1
-1;-1
-1;-1
-1;-1
-1;-1
-1;-1
-1;-1
-1;-1
-1;-1
-1;-1
-1;-1
-1;-1
-1;-1
-1;-1
-1;-1
-1;-1
-1;-1
-1;-1
-1;-1
-1;-1
-1;-1
-1;-1
-1;-1
-1;-1
-1;-1
-1;-1
-1;-1
-1;-1
-1;-1
-1;-1
-1;-1
-1;-1
-1;-1
-1;-1
-1;-1
-1;-1
-1;-1
-1;-1
-1;-1
19;45
-1;-1
-1;-1
-1;-1
-1;-1
-1;-1
-1;-1
-1;-1
-1;-1
-1;-1
-1;-1
-1;-1
-1;-1
-1;-1
-1;-1
-1;-1
-1;-1
-1;-1
-1;-1
-1;-1
-1;-1
-1;-1
-1;-1
-1;-1
-1;-1
-1;-1
-1;-1
-1;-1
-1;-1
-1;-1
-1;-1
-1;-1
51;45
-1;-1
-1;-1
-1;-1
-1;-1
-1;-1
-1;-1
-1;-1
-1;-1
-1;-1
-1;-1
-1;-1
-1;-1
-1;-1
-1;-1
-1;-1
-1;-1
-1;-1
-1;-1
-1;-1
-1;-1
-1;-1
-1;-1
-1;-1
-1;-1
-1;-1
-1;-1
-1;-1
-1;-1
-1;-1
-1;-1
-1;-1
-1;-1
-1;-1
-1;-1
-1;-1
-1;-1
-1;-1
-1;-1
-1;-1
19;46
-1;-1
-1;-1
-1;-1
-1;-1
-1;-1
-1;-1
-1;-1
-1;-1
-1;-1
-1;-1
-1;-1
-1;-1
-1;-1
-1;-1
-1;-1
-1;-1
-1;-1
-1;-1
-1;-1
-1;-1
-1;-1
-1;-1
-1;-1
-1;-1
-1;-1
-1;-1
-1;-1
-1;-1
-1;-1
-1;-1
-1;-1
51;46
-1;-1
-1;-1
-1;-1
-1;-1
-1;-1
-1;-1
-1;-1
-1;-1
-1;-1
-1;-1
-1;-1
-1;-1
-1;-1
-1;-1
-1;-1
-1;-1
-1;-1
-1;-1
-1;-1
-1;-1
-1;-1
-1;-1
-1;-1
-1;-1
-1;-1
-1;-1
-1;-1
-1;-1
-1;-1
-1;-1
-1;-1
-1;-1
-1;-1
-1;-1
-1;-1
-1;-1
-1;-1
-1;-1
-1;-1
19;47
-1;-1
-1;-1
-1;-1
-1;-1
-1;-1
-1;-1
-1;-1
-1;-1
-1;-1
-1;-1
-1;-1
-1;-1
-1;-1
-1;-1
-1;-1
-1;-1
-1;-1
-1;-1
-1;-1
-1;-1
-1;-1
-1;-1
-1;-1
-1;-1
-1;-1
-1;-1
-1;-1
-1;-1
-1;-1
-1;-1
-1;-1
51;47
-1;-1
-1;-1
-1;-1
-1;-1
-1;-1
-1;-1
-1;-1
-1;-1
-1;-1
-1;-1
-1;-1
-1;-1
-1;-1
-1;-1
-1;-1
-1;-1
-1;-1
-1;-1
-1;-1
-1;-1
-1;-1
-1;-1
-1;-1
-1;-1
-1;-1
-1;-1
-1;-1
-1;-1
-1;-1
-1;-1
-1;-1
-1;-1
-1;-1
-1;-1
-1;-1
-1;-1
-1;-1
-1;-1
-1;-1
19;48
-1;-1
-1;-1
-1;-1
-1;-1
-1;-1
-1;-1
-1;-1
-1;-1
-1;-1
-1;-1
-1;-1
-1;-1
-1;-1
-1;-1
-1;-1
-1;-1
-1;-1
-1;-1
-1;-1
-1;-1
-1;-1
-1;-1
-1;-1
-1;-1
-1;-1
-1;-1
-1;-1
-1;-1
-1;-1
-1;-1
-1;-1
51;48
-1;-1
-1;-1
-1;-1
-1;-1
-1;-1
-1;-1
-1;-1
-1;-1
-1;-1
-1;-1
-1;-1
-1;-1
-1;-1
-1;-1
-1;-1
-1;-1
-1;-1
-1;-1
-1;-1
-1;-1
-1;-1
-1;-1
-1;-1
-1;-1
-1;-1
-1;-1
-1;-1
-1;-1
-1;-1
-1;-1
-1;-1
-1;-1
-1;-1
-1;-1
-1;-1
-1;-1
-1;-1
-1;-1
-1;-1
19;49
-1;-1
-1;-1
-1;-1
-1;-1
-1;-1
-1;-1
-1;-1
-1;-1
-1;-1
-1;-1
-1;-1
-1;-1
-1;-1
-1;-1
-1;-1
-1;-1
-1;-1
-1;-1
-1;-1
-1;-1
-1;-1
-1;-1
-1;-1
-1;-1
-1;-1
-1;-1
-1;-1
-1;-1
-1;-1
-1;-1
-1;-1
51;49
-1;-1
-1;-1
-1;-1
-1;-1
-1;-1
-1;-1
-1;-1
-1;-1
-1;-1
-1;-1
-1;-1
-1;-1
-1;-1
-1;-1
-1;-1
-1;-1
-1;-1
-1;-1
-1;-1
-1;-1
-1;-1
-1;-1
-1;-1
-1;-1
-1;-1
-1;-1
-1;-1
-1;-1
-1;-1
-1;-1
-1;-1
-1;-1
-1;-1
-1;-1
-1;-1
-1;-1
-1;-1
-1;-1
-1;-1
19;50
-1;-1
-1;-1
-1;-1
-1;-1
-1;-1
-1;-1
-1;-1
-1;-1
-1;-1
-1;-1
-1;-1
-1;-1
-1;-1
-1;-1
-1;-1
-1;-1
-1;-1
-1;-1
-1;-1
-1;-1
-1;-1
-1;-1
-1;-1
-1;-1
-1;-1
-1;-1
-1;-1
-1;-1
-1;-1
-1;-1
-1;-1
51;50
-1;-1
-1;-1
-1;-1
-1;-1
-1;-1
-1;-1
-1;-1
-1;-1
-1;-1
-1;-1
-1;-1
-1;-1
-1;-1
-1;-1
-1;-1
-1;-1
-1;-1
-1;-1
-1;-1
-1;-1
-1;-1
-1;-1
-1;-1
-1;-1
-1;-1
-1;-1
-1;-1
-1;-1
-1;-1
-1;-1
-1;-1
-1;-1
-1;-1
-1;-1
-1;-1
-1;-1
-1;-1
-1;-1
-1;-1
19;51
-1;-1
-1;-1
-1;-1
-1;-1
-1;-1
-1;-1
-1;-1
-1;-1
-1;-1
-1;-1
-1;-1
-1;-1
-1;-1
-1;-1
-1;-1
-1;-1
-1;-1
-1;-1
-1;-1
-1;-1
-1;-1
-1;-1
-1;-1
-1;-1
-1;-1
-1;-1
-1;-1
-1;-1
-1;-1
-1;-1
-1;-1
51;51
-1;-1
-1;-1
-1;-1
-1;-1
-1;-1
-1;-1
-1;-1
-1;-1
-1;-1
-1;-1
-1;-1
-1;-1
-1;-1
-1;-1
-1;-1
-1;-1
-1;-1
-1;-1
-1;-1
-1;-1
-1;-1
-1;-1
-1;-1
-1;-1
-1;-1
-1;-1
-1;-1
-1;-1
-1;-1
-1;-1
-1;-1
-1;-1
-1;-1
-1;-1
-1;-1
-1;-1
-1;-1
-1;-1
-1;-1
19;52
-1;-1
-1;-1
-1;-1
-1;-1
-1;-1
-1;-1
-1;-1
-1;-1
-1;-1
-1;-1
-1;-1
-1;-1
-1;-1
-1;-1
-1;-1
-1;-1
-1;-1
-1;-1
-1;-1
-1;-1
-1;-1
-1;-1
-1;-1
-1;-1
-1;-1
-1;-1
-1;-1
-1;-1
-1;-1
-1;-1
-1;-1
51;52
-1;-1
-1;-1
-1;-1
-1;-1
-1;-1
-1;-1
-1;-1
-1;-1
-1;-1
-1;-1
-1;-1
-1;-1
-1;-1
-1;-1
-1;-1
-1;-1
-1;-1
-1;-1
-1;-1
-1;-1
-1;-1
-1;-1
-1;-1
-1;-1
-1;-1
-1;-1
-1;-1
7;53
8;53
9;53
10;53
11;53
12;53
13;53
14;53
15;53
16;53
17;53
18;53
19;53
-1;-1
-1;-1
-1;-1
-1;-1
-1;-1
-1;-1
-1;-1
-1;-1
-1;-1
-1;-1
-1;-1
-1;-1
-1;-1
-1;-1
-1;-1
-1;-1
-1;-1
-1;-1
-1;-1
-1;-1
-1;-1
-1;-1
-1;-1
-1;-1
-1;-1
-1;-1
-1;-1
-1;-1
-1;-1
-1;-1
-1;-1
51;53
52;53
53;53
54;53
55;53
56;53
57;53
58;53
59;53
60;53
61;53
62;53
63;53
-1;-1
-1;-1
-1;-1
-1;-1
-1;-1
-1;-1
-1;-1
-1;-1
-1;-1
-1;-1
-1;-1
-1;-1
-1;-1
-1;-1
-1;-1
-1;-1
-1;-1
-1;-1
-1;-1
-1;-1
-1;-1
-1;-1
-1;-1
-1;-1
-1;-1
-1;-1
-1;-1
19;54
-1;-1
-1;-1
-1;-1
-1;-1
-1;-1
-1;-1
-1;-1
-1;-1
-1;-1
-1;-1
-1;-1
-1;-1
-1;-1
-1;-1
-1;-1
-1;-1
-1;-1
-1;-1
-1;-1
-1;-1
-1;-1
-1;-1
-1;-1
-1;-1
-1;-1
-1;-1
-1;-1
-1;-1
-1;-1
-1;-1
-1;-1
51;54
-1;-1
-1;-1
-1;-1
-1;-1
-1;-1
-1;-1
-1;-1
-1;-1
-1;-1
-1;-1
-1;-1
-1;-1
-1;-1
-1;-1
-1;-1
-1;-1
-1;-1
-1;-1
-1;-1
-1;-1
-1;-1
-1;-1
-1;-1
-1;-1
-1;-1
-1;-1
-1;-1
-1;-1
-1;-1
-1;-1
-1;-1
-1;-1
-1;-1
-1;-1
-1;-1
-1;-1
-1;-1
-1;-1
-1;-1
19;55
-1;-1
-1;-1
-1;-1
-1;-1
-1;-1
-1;-1
-1;-1
-1;-1
-1;-1
-1;-1
-1;-1
-1;-1
-1;-1
-1;-1
-1;-1
-1;-1
-1;-1
-1;-1
-1;-1
-1;-1
-1;-1
-1;-1
-1;-1
-1;-1
-1;-1
-1;-1
-1;-1
-1;-1
-1;-1
-1;-1
-1;-1
51;55
-1;-1
-1;-1
-1;-1
-1;-1
-1;-1
-1;-1
-1;-1
-1;-1
-1;-1
-1;-1
-1;-1
-1;-1
-1;-1
-1;-1
-1;-1
-1;-1
-1;-1
-1;-1
-1;-1
-1;-1
-1;-1
-1;-1
-1;-1
-1;-1
-1;-1
-1;-1
-1;-1
-1;-1
-1;-1
-1;-1
-1;-1
-1;-1
-1;-1
-1;-1
-1;-1
-1;-1
-1;-1
-1;-1
-1;-1
19;56
-1;-1
-1;-1
-1;-1
-1;-1
-1;-1
-1;-1
-1;-1
-1;-1
-1;-1
-1;-1
-1;-1
-1;-1
-1;-1
-1;-1
-1;-1
-1;-1
-1;-1
-1;-1
-1;-1
-1;-1
-1;-1
-1;-1
-1;-1
-1;-1
-1;-1
-1;-1
-1;-1
-1;-1
-1;-1
-1;-1
-1;-1
51;56
-1;-1
-1;-1
-1;-1
-1;-1
-1;-1
-1;-1
-1;-1
-1;-1
-1;-1
-1;-1
-1;-1
-1;-1
-1;-1
-1;-1
-1;-1
-1;-1
-1;-1
-1;-1
-1;-1
-1;-1
-1;-1
-1;-1
-1;-1
-1;-1
-1;-1
-1;-1
-1;-1
-1;-1
-1;-1
-1;-1
-1;-1
-1;-1
-1;-1
-1;-1
-1;-1
-1;-1
-1;-1
-1;-1
-1;-1
19;57
-1;-1
-1;-1
-1;-1
-1;-1
-1;-1
-1;-1
-1;-1
-1;-1
-1;-1
-1;-1
-1;-1
-1;-1
-1;-1
-1;-1
-1;-1
-1;-1
-1;-1
-1;-1
-1;-1
-1;-1
-1;-1
-1;-1
-1;-1
-1;-1
-1;-1
-1;-1
-1;-1
-1;-1
-1;-1
-1;-1
-1;-1
51;57
-1;-1
-1;-1
-1;-1
-1;-1
-1;-1
-1;-1
-1;-1
-1;-1
-1;-1
-1;-1
-1;-1
-1;-1
-1;-1
-1;-1
-1;-1
-1;-1
-1;-1
-1;-1
-1;-1
-1;-1
-1;-1
-1;-1
-1;-1
-1;-1
-1;-1
-1;-1
-1;-1
-1;-1
-1;-1
-1;-1
-1;-1
-1;-1
-1;-1
-1;-1
-1;-1
-1;-1
-1;-1
-1;-1
-1;-1
19;58
-1;-1
-1;-1
-1;-1
-1;-1
-1;-1
-1;-1
-1;-1
-1;-1
-1;-1
-1;-1
-1;-1
-1;-1
-1;-1
-1;-1
-1;-1
-1;-1
-1;-1
-1;-1
-1;-1
-1;-1
-1;-1
-1;-1
-1;-1
-1;-1
-1;-1
-1;-1
-1;-1
-1;-1
-1;-1
-1;-1
-1;-1
51;58
-1;-1
-1;-1
-1;-1
-1;-1
-1;-1
-1;-1
-1;-1
-1;-1
-1;-1
-1;-1
-1;-1
-1;-1
-1;-1
-1;-1
-1;-1
-1;-1
-1;-1
-1;-1
-1;-1
-1;-1
-1;-1
-1;-1
-1;-1
-1;-1
-1;-1
-1;-1
-1;-1
-1;-1
-1;-1
-1;-1
-1;-1
-1;-1
-1;-1
-1;-1
-1;-1
-1;-1
-1;-1
-1;-1
-1;-1
19;59
-1;-1
-1;-1
-1;-1
-1;-1
-1;-1
-1;-1
-1;-1
-1;-1
-1;-1
-1;-1
-1;-1
-1;-1
-1;-1
-1;-1
-1;-1
-1;-1
-1;-1
-1;-1
-1;-1
-1;-1
-1;-1
-1;-1
-1;-1
-1;-1
-1;-1
-1;-1
-1;-1
-1;-1
-1;-1
-1;-1
-1;-1
51;59
-1;-1
-1;-1
-1;-1
-1;-1
-1;-1
-1;-1
-1;-1
-1;-1
-1;-1
-1;-1
-1;-1
-1;-1
-1;-1
-1;-1
-1;-1
-1;-1
-1;-1
-1;-1
-1;-1
-1;-1
-1;-1
-1;-1
-1;-1
-1;-1
-1;-1
-1;-1
-1;-1
-1;-1
-1;-1
-1;-1
-1;-1
-1;-1
-1;-1
-1;-1
-1;-1
-1;-1
-1;-1
-1;-1
-1;-1
19;60
-1;-1
-1;-1
-1;-1
-1;-1
-1;-1
-1;-1
-1;-1
-1;-1
-1;-1
-1;-1
-1;-1
-1;-1
-1;-1
-1;-1
-1;-1
-1;-1
-1;-1
-1;-1
-1;-1
-1;-1
-1;-1
-1;-1
-1;-1
-1;-1
-1;-1
-1;-1
-1;-1
-1;-1
-1;-1
-1;-1
-1;-1
51;60
-1;-1
-1;-1
-1;-1
-1;-1
-1;-1
-1;-1
-1;-1
-1;-1
-1;-1
-1;-1
-1;-1
-1;-1
-1;-1
-1;-1
-1;-1
-1;-1
-1;-1
-1;-1
-1;-1
-1;-1
-1;-1
-1;-1
-1;-1
-1;-1
-1;-1
-1;-1
-1;-1
-1;-1
-1;-1
-1;-1
-1;-1
-1;-1
-1;-1
-1;-1
-1;-1
-1;-1
-1;-1
-1;-1
-1;-1
19;61
-1;-1
-1;-1
-1;-1
-1;-1
-1;-1
-1;-1
-1;-1
-1;-1
-1;-1
-1;-1
-1;-1
-1;-1
-1;-1
-1;-1
-1;-1
-1;-1
-1;-1
-1;-1
-1;-1
-1;-1
-1;-1
-1;-1
-1;-1
-1;-1
-1;-1
-1;-1
-1;-1
-1;-1
-1;-1
-1;-1
-1;-1
51;61
-1;-1
-1;-1
-1;-1
-1;-1
-1;-1
-1;-1
-1;-1
-1;-1
-1;-1
-1;-1
-1;-1
-1;-1
-1;-1
-1;-1
-1;-1
-1;-1
-1;-1
-1;-1
-1;-1
-1;-1
-1;-1
-1;-1
-1;-1
-1;-1
-1;-1
-1;-1
-1;-1
-1;-1
-1;-1
-1;-1
-1;-1
-1;-1
-1;-1
-1;-1
-1;-1
-1;-1
-1;-1
-1;-1
-1;-1
19;62
-1;-1
-1;-1
-1;-1
-1;-1
-1;-1
-1;-1
-1;-1
-1;-1
-1;-1
-1;-1
-1;-1
-1;-1
-1;-1
-1;-1
-1;-1
-1;-1
-1;-1
-1;-1
-1;-1
-1;-1
-1;-1
-1;-1
-1;-1
-1;-1
-1;-1
-1;-1
-1;-1
-1;-1
-1;-1
-1;-1
-1;-1
51;62
-1;-1
-1;-1
-1;-1
-1;-1
-1;-1
-1;-1
-1;-1
-1;-1
-1;-1
-1;-1
-1;-1
-1;-1
-1;-1
-1;-1
-1;-1
-1;-1
-1;-1
-1;-1
-1;-1
-1;-1
-1;-1
1;63
2;63
3;63
4;63
5;63
6;63
7;63
8;63
9;63
10;63
11;63
12;63
13;63
14;63
15;63
16;63
17;63
18;63
19;63
20;63
21;63
22;63
23;63
24;63
25;63
26;63
27;63
28;63
29;63
30;63
31;63
32;63
33;63
34;63
35;63
36;63
37;63
38;63
39;63
40;63
41;63
42;63
43;63
44;63
45;63
46;63
47;63
48;63
49;63
50;63
51;63
52;63
53;63
54;63
55;63
56;63
57;63
58;63
59;63
60;63
61;63
62;63
63;63
64;63
65;63
66;63
67;63
68;63
69;63
-1;-1
-1;-1
-1;-1
1;64
-1;-1
-1;-1
-1;-1
-1;-1
-1;-1
-1;-1
-1;-1
-1;-1
-1;-1
-1;-1
-1;-1
13;64
-1;-1
-1;-1
-1;-1
-1;-1
-1;-1
-1;-1
-1;-1
-1;-1
-1;-1
23;64
-1;-1
-1;-1
-1;-1
-1;-1
-1;-1
-1;-1
-1;-1
-1;-1
-1;-1
-1;-1
-1;-1
-1;-1
-1;-1
-1;-1
-1;-1
-1;-1
-1;-1
-1;-1
-1;-1
-1;-1
-1;-1
-1;-1
-1;-1
47;64
-1;-1
-1;-1
-1;-1
-1;-1
-1;-1
-1;-1
-1;-1
-1;-1
-1;-1
57;64
-1;-1
-1;-1
-1;-1
-1;-1
-1;-1
-1;-1
-1;-1
-1;-1
-1;-1
-1;-1
-1;-1
69;64
-1;-1
-1;-1
-1;-1
1;65
-1;-1
-1;-1
-1;-1
-1;-1
-1;-1
-1;-1
-1;-1
-1;-1
-1;-1
-1;-1
-1;-1
13;65
-1;-1
-1;-1
-1;-1
-1;-1
-1;-1
-1;-1
-1;-1
-1;-1
-1;-1
23;65
-1;-1
-1;-1
-1;-1
-1;-1
-1;-1
-1;-1
-1;-1
-1;-1
-1;-1
-1;-1
-1;-1
-1;-1
-1;-1
-1;-1
-1;-1
-1;-1
-1;-1
-1;-1
-1;-1
-1;-1
-1;-1
-1;-1
-1;-1
47;65
-1;-1
-1;-1
-1;-1
-1;-1
-1;-1
-1;-1
-1;-1
-1;-1
-1;-1
57;65
-1;-1
-1;-1
-1;-1
-1;-1
-1;-1
-1;-1
-1;-1
-1;-1
-1;-1
-1;-1
-1;-1
69;65
-1;-1
-1;-1
-1;-1
1;66
-1;-1
-1;-1
-1;-1
-1;-1
-1;-1
-1;-1
-1;-1
-1;-1
-1;-1
-1;-1
-1;-1
13;66
-1;-1
-1;-1
-1;-1
-1;-1
-1;-1
-1;-1
-1;-1
-1;-1
-1;-1
23;66
-1;-1
-1;-1
-1;-1
-1;-1
-1;-1
-1;-1
-1;-1
-1;-1
-1;-1
-1;-1
-1;-1
-1;-1
-1;-1
-1;-1
-1;-1
-1;-1
-1;-1
-1;-1
-1;-1
-1;-1
-1;-1
-1;-1
-1;-1
47;66
-1;-1
-1;-1
-1;-1
-1;-1
-1;-1
-1;-1
-1;-1
-1;-1
-1;-1
57;66
-1;-1
-1;-1
-1;-1
-1;-1
-1;-1
-1;-1
-1;-1
-1;-1
-1;-1
-1;-1
-1;-1
69;66
-1;-1
-1;-1
-1;-1
1;67
-1;-1
-1;-1
-1;-1
-1;-1
-1;-1
-1;-1
-1;-1
-1;-1
-1;-1
-1;-1
-1;-1
13;67
-1;-1
-1;-1
-1;-1
-1;-1
-1;-1
-1;-1
-1;-1
-1;-1
-1;-1
23;67
-1;-1
-1;-1
-1;-1
-1;-1
-1;-1
-1;-1
-1;-1
-1;-1
-1;-1
-1;-1
-1;-1
-1;-1
-1;-1
-1;-1
-1;-1
-1;-1
-1;-1
-1;-1
-1;-1
-1;-1
-1;-1
-1;-1
-1;-1
47;67
-1;-1
-1;-1
-1;-1
-1;-1
-1;-1
-1;-1
-1;-1
-1;-1
-1;-1
57;67
-1;-1
-1;-1
-1;-1
-1;-1
-1;-1
-1;-1
-1;-1
-1;-1
-1;-1
-1;-1
-1;-1
69;67
-1;-1
-1;-1
-1;-1
1;68
-1;-1
-1;-1
-1;-1
-1;-1
-1;-1
-1;-1
-1;-1
-1;-1
-1;-1
-1;-1
-1;-1
13;68
-1;-1
-1;-1
-1;-1
-1;-1
-1;-1
-1;-1
-1;-1
-1;-1
-1;-1
23;68
-1;-1
-1;-1
-1;-1
-1;-1
-1;-1
-1;-1
-1;-1
-1;-1
-1;-1
-1;-1
-1;-1
-1;-1
-1;-1
-1;-1
-1;-1
-1;-1
-1;-1
-1;-1
-1;-1
-1;-1
-1;-1
-1;-1
-1;-1
47;68
-1;-1
-1;-1
-1;-1
-1;-1
-1;-1
-1;-1
-1;-1
-1;-1
-1;-1
57;68
-1;-1
-1;-1
-1;-1
-1;-1
-1;-1
-1;-1
-1;-1
-1;-1
-1;-1
-1;-1
-1;-1
69;68
-1;-1
-1;-1
-1;-1
1;69
-1;-1
-1;-1
-1;-1
-1;-1
-1;-1
-1;-1
-1;-1
-1;-1
-1;-1
-1;-1
-1;-1
13;69
-1;-1
-1;-1
-1;-1
-1;-1
-1;-1
-1;-1
-1;-1
-1;-1
-1;-1
23;69
-1;-1
-1;-1
-1;-1
-1;-1
-1;-1
-1;-1
-1;-1
-1;-1
-1;-1
-1;-1
-1;-1
-1;-1
-1;-1
-1;-1
-1;-1
-1;-1
-1;-1
-1;-1
-1;-1
-1;-1
-1;-1
-1;-1
-1;-1
47;69
-1;-1
-1;-1
-1;-1
-1;-1
-1;-1
-1;-1
-1;-1
-1;-1
-1;-1
57;69
-1;-1
-1;-1
-1;-1
-1;-1
-1;-1
-1;-1
-1;-1
-1;-1
-1;-1
-1;-1
-1;-1
69;69
-1;-1
-1;-1
-1;-1
1;70
-1;-1
-1;-1
-1;-1
-1;-1
-1;-1
-1;-1
-1;-1
-1;-1
-1;-1
-1;-1
-1;-1
13;70
-1;-1
-1;-1
-1;-1
-1;-1
-1;-1
-1;-1
-1;-1
-1;-1
-1;-1
23;70
-1;-1
-1;-1
-1;-1
-1;-1
-1;-1
-1;-1
-1;-1
-1;-1
-1;-1
-1;-1
-1;-1
-1;-1
-1;-1
-1;-1
-1;-1
-1;-1
-1;-1
-1;-1
-1;-1
-1;-1
-1;-1
-1;-1
-1;-1
47;70
-1;-1
-1;-1
-1;-1
-1;-1
-1;-1
-1;-1
-1;-1
-1;-1
-1;-1
57;70
-1;-1
-1;-1
-1;-1
-1;-1
-1;-1
-1;-1
-1;-1
-1;-1
-1;-1
-1;-1
-1;-1
69;70
-1;-1
-1;-1
-1;-1
1;71
-1;-1
-1;-1
-1;-1
-1;-1
-1;-1
-1;-1
-1;-1
-1;-1
-1;-1
-1;-1
-1;-1
13;71
-1;-1
-1;-1
-1;-1
-1;-1
-1;-1
-1;-1
-1;-1
-1;-1
-1;-1
23;71
-1;-1
-1;-1
-1;-1
-1;-1
-1;-1
-1;-1
-1;-1
-1;-1
-1;-1
-1;-1
-1;-1
-1;-1
-1;-1
-1;-1
-1;-1
-1;-1
-1;-1
-1;-1
-1;-1
-1;-1
-1;-1
-1;-1
-1;-1
47;71
-1;-1
-1;-1
-1;-1
-1;-1
-1;-1
-1;-1
-1;-1
-1;-1
-1;-1
57;71
-1;-1
-1;-1
-1;-1
-1;-1
-1;-1
-1;-1
-1;-1
-1;-1
-1;-1
-1;-1
-1;-1
69;71
-1;-1
-1;-1
-1;-1
1;72
-1;-1
-1;-1
-1;-1
-1;-1
-1;-1
-1;-1
-1;-1
-1;-1
-1;-1
-1;-1
-1;-1
13;72
-1;-1
-1;-1
-1;-1
-1;-1
-1;-1
-1;-1
-1;-1
-1;-1
-1;-1
23;72
-1;-1
-1;-1
-1;-1
-1;-1
-1;-1
-1;-1
-1;-1
-1;-1
-1;-1
-1;-1
-1;-1
-1;-1
-1;-1
-1;-1
-1;-1
-1;-1
-1;-1
-1;-1
-1;-1
-1;-1
-1;-1
-1;-1
-1;-1
47;72
-1;-1
-1;-1
-1;-1
-1;-1
-1;-1
-1;-1
-1;-1
-1;-1
-1;-1
57;72
-1;-1
-1;-1
-1;-1
-1;-1
-1;-1
-1;-1
-1;-1
-1;-1
-1;-1
-1;-1
-1;-1
69;72
-1;-1
-1;-1
-1;-1
1;73
-1;-1
-1;-1
-1;-1
-1;-1
-1;-1
-1;-1
-1;-1
-1;-1
-1;-1
-1;-1
-1;-1
13;73
14;73
15;73
16;73
17;73
18;73
19;73
20;73
21;73
22;73
23;73
24;73
25;73
26;73
27;73
-1;-1
-1;-1
-1;-1
-1;-1
-1;-1
-1;-1
-1;-1
-1;-1
-1;-1
-1;-1
-1;-1
-1;-1
-1;-1
-1;-1
-1;-1
43;73
44;73
45;73
46;73
47;73
48;73
49;73
50;73
51;73
52;73
53;73
54;73
55;73
56;73
57;73
-1;-1
-1;-1
-1;-1
-1;-1
-1;-1
-1;-1
-1;-1
-1;-1
-1;-1
-1;-1
-1;-1
69;73
-1;-1
-1;-1
-1;-1
1;74
-1;-1
-1;-1
-1;-1
-1;-1
-1;-1
-1;-1
-1;-1
-1;-1
-1;-1
-1;-1
-1;-1
-1;-1
-1;-1
-1;-1
-1;-1
-1;-1
-1;-1
19;74
-1;-1
-1;-1
-1;-1
-1;-1
-1;-1
-1;-1
-1;-1
27;74
-1;-1
-1;-1
-1;-1
-1;-1
-1;-1
-1;-1
-1;-1
-1;-1
-1;-1
-1;-1
-1;-1
-1;-1
-1;-1
-1;-1
-1;-1
43;74
-1;-1
-1;-1
-1;-1
-1;-1
-1;-1
-1;-1
-1;-1
51;74
-1;-1
-1;-1
-1;-1
-1;-1
-1;-1
-1;-1
-1;-1
-1;-1
-1;-1
-1;-1
-1;-1
-1;-1
-1;-1
-1;-1
-1;-1
-1;-1
-1;-1
69;74
-1;-1
-1;-1
-1;-1
1;75
-1;-1
-1;-1
-1;-1
-1;-1
-1;-1
-1;-1
-1;-1
-1;-1
-1;-1
-1;-1
-1;-1
-1;-1
-1;-1
-1;-1
-1;-1
-1;-1
-1;-1
19;75
-1;-1
-1;-1
-1;-1
-1;-1
-1;-1
-1;-1
-1;-1
27;75
-1;-1
-1;-1
-1;-1
-1;-1
-1;-1
-1;-1
-1;-1
-1;-1
-1;-1
-1;-1
-1;-1
-1;-1
-1;-1
-1;-1
-1;-1
43;75
-1;-1
-1;-1
-1;-1
-1;-1
-1;-1
-1;-1
-1;-1
51;75
-1;-1
-1;-1
-1;-1
-1;-1
-1;-1
-1;-1
-1;-1
-1;-1
-1;-1
-1;-1
-1;-1
-1;-1
-1;-1
-1;-1
-1;-1
-1;-1
-1;-1
69;75
-1;-1
-1;-1
-1;-1
1;76
-1;-1
-1;-1
-1;-1
-1;-1
-1;-1
-1;-1
-1;-1
-1;-1
-1;-1
-1;-1
-1;-1
-1;-1
-1;-1
-1;-1
-1;-1
-1;-1
-1;-1
19;76
-1;-1
-1;-1
-1;-1
-1;-1
-1;-1
-1;-1
-1;-1
27;76
-1;-1
-1;-1
-1;-1
-1;-1
-1;-1
-1;-1
-1;-1
-1;-1
-1;-1
-1;-1
-1;-1
-1;-1
-1;-1
-1;-1
-1;-1
43;76
-1;-1
-1;-1
-1;-1
-1;-1
-1;-1
-1;-1
-1;-1
51;76
-1;-1
-1;-1
-1;-1
-1;-1
-1;-1
-1;-1
-1;-1
-1;-1
-1;-1
-1;-1
-1;-1
-1;-1
-1;-1
-1;-1
-1;-1
-1;-1
-1;-1
69;76
-1;-1
-1;-1
-1;-1
1;77
-1;-1
-1;-1
-1;-1
-1;-1
-1;-1
-1;-1
-1;-1
-1;-1
-1;-1
-1;-1
-1;-1
-1;-1
-1;-1
-1;-1
-1;-1
-1;-1
-1;-1
19;77
-1;-1
-1;-1
-1;-1
-1;-1
-1;-1
-1;-1
-1;-1
27;77
-1;-1
-1;-1
-1;-1
-1;-1
-1;-1
-1;-1
-1;-1
-1;-1
-1;-1
-1;-1
-1;-1
-1;-1
-1;-1
-1;-1
-1;-1
43;77
-1;-1
-1;-1
-1;-1
-1;-1
-1;-1
-1;-1
-1;-1
51;77
-1;-1
-1;-1
-1;-1
-1;-1
-1;-1
-1;-1
-1;-1
-1;-1
-1;-1
-1;-1
-1;-1
-1;-1
-1;-1
-1;-1
-1;-1
-1;-1
-1;-1
69;77
-1;-1
-1;-1
-1;-1
1;78
-1;-1
-1;-1
-1;-1
-1;-1
-1;-1
-1;-1
-1;-1
-1;-1
-1;-1
-1;-1
-1;-1
-1;-1
-1;-1
-1;-1
-1;-1
-1;-1
-1;-1
19;78
-1;-1
-1;-1
-1;-1
-1;-1
-1;-1
-1;-1
-1;-1
27;78
-1;-1
-1;-1
-1;-1
-1;-1
-1;-1
-1;-1
-1;-1
-1;-1
-1;-1
-1;-1
-1;-1
-1;-1
-1;-1
-1;-1
-1;-1
43;78
-1;-1
-1;-1
-1;-1
-1;-1
-1;-1
-1;-1
-1;-1
51;78
-1;-1
-1;-1
-1;-1
-1;-1
-1;-1
-1;-1
-1;-1
-1;-1
-1;-1
-1;-1
-1;-1
-1;-1
-1;-1
-1;-1
-1;-1
-1;-1
-1;-1
69;78
-1;-1
-1;-1
-1;-1
1;79
-1;-1
-1;-1
-1;-1
-1;-1
-1;-1
-1;-1
-1;-1
-1;-1
-1;-1
-1;-1
-1;-1
-1;-1
-1;-1
-1;-1
-1;-1
-1;-1
-1;-1
19;79
-1;-1
-1;-1
-1;-1
-1;-1
-1;-1
-1;-1
-1;-1
27;79
-1;-1
-1;-1
-1;-1
-1;-1
-1;-1
-1;-1
-1;-1
-1;-1
-1;-1
-1;-1
-1;-1
-1;-1
-1;-1
-1;-1
-1;-1
43;79
-1;-1
-1;-1
-1;-1
-1;-1
-1;-1
-1;-1
-1;-1
51;79
-1;-1
-1;-1
-1;-1
-1;-1
-1;-1
-1;-1
-1;-1
-1;-1
-1;-1
-1;-1
-1;-1
-1;-1
-1;-1
-1;-1
-1;-1
-1;-1
-1;-1
69;79
-1;-1
-1;-1
-1;-1
1;80
-1;-1
-1;-1
-1;-1
-1;-1
-1;-1
-1;-1
-1;-1
-1;-1
-1;-1
-1;-1
-1;-1
-1;-1
-1;-1
-1;-1
-1;-1
-1;-1
-1;-1
19;80
-1;-1
-1;-1
-1;-1
-1;-1
-1;-1
-1;-1
-1;-1
27;80
-1;-1
-1;-1
-1;-1
-1;-1
-1;-1
-1;-1
-1;-1
-1;-1
-1;-1
-1;-1
-1;-1
-1;-1
-1;-1
-1;-1
-1;-1
43;80
-1;-1
-1;-1
-1;-1
-1;-1
-1;-1
-1;-1
-1;-1
51;80
-1;-1
-1;-1
-1;-1
-1;-1
-1;-1
-1;-1
-1;-1
-1;-1
-1;-1
-1;-1
-1;-1
-1;-1
-1;-1
-1;-1
-1;-1
-1;-1
-1;-1
69;80
-1;-1
-1;-1
-1;-1
1;81
-1;-1
-1;-1
-1;-1
-1;-1
-1;-1
-1;-1
-1;-1
-1;-1
-1;-1
-1;-1
-1;-1
-1;-1
-1;-1
-1;-1
-1;-1
-1;-1
-1;-1
19;81
-1;-1
-1;-1
-1;-1
-1;-1
-1;-1
-1;-1
-1;-1
27;81
-1;-1
-1;-1
-1;-1
-1;-1
-1;-1
-1;-1
-1;-1
-1;-1
-1;-1
-1;-1
-1;-1
-1;-1
-1;-1
-1;-1
-1;-1
43;81
-1;-1
-1;-1
-1;-1
-1;-1
-1;-1
-1;-1
-1;-1
51;81
-1;-1
-1;-1
-1;-1
-1;-1
-1;-1
-1;-1
-1;-1
-1;-1
-1;-1
-1;-1
-1;-1
-1;-1
-1;-1
-1;-1
-1;-1
-1;-1
-1;-1
69;81
-1;-1
-1;-1
-1;-1
1;82
-1;-1
-1;-1
-1;-1
-1;-1
-1;-1
-1;-1
-1;-1
-1;-1
-1;-1
-1;-1
-1;-1
-1;-1
-1;-1
-1;-1
-1;-1
-1;-1
-1;-1
19;82
-1;-1
-1;-1
-1;-1
-1;-1
-1;-1
-1;-1
-1;-1
27;82
-1;-1
-1;-1
-1;-1
-1;-1
-1;-1
-1;-1
-1;-1
-1;-1
-1;-1
-1;-1
-1;-1
-1;-1
-1;-1
-1;-1
-1;-1
43;82
-1;-1
-1;-1
-1;-1
-1;-1
-1;-1
-1;-1
-1;-1
51;82
-1;-1
-1;-1
-1;-1
-1;-1
-1;-1
-1;-1
-1;-1
-1;-1
-1;-1
-1;-1
-1;-1
-1;-1
-1;-1
-1;-1
-1;-1
-1;-1
-1;-1
69;82
-1;-1
-1;-1
-1;-1
1;83
-1;-1
-1;-1
-1;-1
-1;-1
-1;-1
-1;-1
-1;-1
-1;-1
-1;-1
-1;-1
-1;-1
-1;-1
-1;-1
-1;-1
-1;-1
-1;-1
-1;-1
19;83
-1;-1
-1;-1
-1;-1
-1;-1
-1;-1
-1;-1
-1;-1
27;83
-1;-1
-1;-1
-1;-1
-1;-1
-1;-1
-1;-1
-1;-1
-1;-1
-1;-1
-1;-1
-1;-1
-1;-1
-1;-1
-1;-1
-1;-1
43;83
-1;-1
-1;-1
-1;-1
-1;-1
-1;-1
-1;-1
-1;-1
51;83
-1;-1
-1;-1
-1;-1
-1;-1
-1;-1
-1;-1
-1;-1
-1;-1
-1;-1
-1;-1
-1;-1
-1;-1
-1;-1
-1;-1
-1;-1
-1;-1
-1;-1
69;83
-1;-1
-1;-1
-1;-1
1;84
-1;-1
-1;-1
-1;-1
-1;-1
-1;-1
-1;-1
-1;-1
-1;-1
-1;-1
-1;-1
-1;-1
-1;-1
-1;-1
-1;-1
-1;-1
-1;-1
-1;-1
19;84
-1;-1
-1;-1
-1;-1
-1;-1
-1;-1
-1;-1
-1;-1
27;84
-1;-1
-1;-1
-1;-1
-1;-1
-1;-1
-1;-1
-1;-1
-1;-1
-1;-1
-1;-1
-1;-1
-1;-1
-1;-1
-1;-1
-1;-1
43;84
-1;-1
-1;-1
-1;-1
-1;-1
-1;-1
-1;-1
-1;-1
51;84
-1;-1
-1;-1
-1;-1
-1;-1
-1;-1
-1;-1
-1;-1
-1;-1
-1;-1
-1;-1
-1;-1
-1;-1
-1;-1
-1;-1
-1;-1
-1;-1
-1;-1
69;84
-1;-1
-1;-1
-1;-1
1;85
2;85
3;85
4;85
5;85
6;85
7;85
8;85
9;85
10;85
11;85
12;85
13;85
14;85
15;85
16;85
17;85
18;85
19;85
20;85
21;85
22;85
23;85
24;85
25;85
26;85
27;85
-1;-1
-1;-1
-1;-1
-1;-1
-1;-1
-1;-1
-1;-1
-1;-1
-1;-1
-1;-1
-1;-1
-1;-1
-1;-1
-1;-1
-1;-1
43;85
44;85
45;85
46;85
47;85
48;85
49;85
50;85
51;85
52;85
53;85
54;85
55;85
56;85
57;85
58;85
59;85
60;85
61;85
62;85
63;85
64;85
65;85
66;85
67;85
68;85
69;85
-1;-1
-1;-1
-1;-1
1;86
-1;-1
-1;-1
-1;-1
-1;-1
-1;-1
-1;-1
-1;-1
-1;-1
-1;-1
-1;-1
-1;-1
-1;-1
-1;-1
-1;-1
-1;-1
-1;-1
-1;-1
19;86
-1;-1
-1;-1
-1;-1
-1;-1
-1;-1
-1;-1
-1;-1
27;86
-1;-1
-1;-1
-1;-1
-1;-1
-1;-1
-1;-1
-1;-1
-1;-1
-1;-1
-1;-1
-1;-1
-1;-1
-1;-1
-1;-1
-1;-1
43;86
-1;-1
-1;-1
-1;-1
-1;-1
-1;-1
-1;-1
-1;-1
51;86
-1;-1
-1;-1
-1;-1
-1;-1
-1;-1
-1;-1
-1;-1
-1;-1
-1;-1
-1;-1
-1;-1
-1;-1
-1;-1
-1;-1
-1;-1
-1;-1
-1;-1
69;86
-1;-1
-1;-1
-1;-1
1;87
-1;-1
-1;-1
-1;-1
-1;-1
-1;-1
-1;-1
-1;-1
-1;-1
-1;-1
-1;-1
-1;-1
-1;-1
-1;-1
-1;-1
-1;-1
-1;-1
-1;-1
19;87
-1;-1
-1;-1
-1;-1
-1;-1
-1;-1
-1;-1
-1;-1
27;87
-1;-1
-1;-1
-1;-1
-1;-1
-1;-1
-1;-1
-1;-1
-1;-1
-1;-1
-1;-1
-1;-1
-1;-1
-1;-1
-1;-1
-1;-1
43;87
-1;-1
-1;-1
-1;-1
-1;-1
-1;-1
-1;-1
-1;-1
51;87
-1;-1
-1;-1
-1;-1
-1;-1
-1;-1
-1;-1
-1;-1
-1;-1
-1;-1
-1;-1
-1;-1
-1;-1
-1;-1
-1;-1
-1;-1
-1;-1
-1;-1
69;87
-1;-1
-1;-1
-1;-1
1;88
-1;-1
-1;-1
-1;-1
-1;-1
-1;-1
-1;-1
-1;-1
-1;-1
-1;-1
-1;-1
-1;-1
-1;-1
-1;-1
-1;-1
-1;-1
-1;-1
-1;-1
19;88
-1;-1
-1;-1
-1;-1
-1;-1
-1;-1
-1;-1
-1;-1
27;88
-1;-1
-1;-1
-1;-1
-1;-1
-1;-1
-1;-1
-1;-1
-1;-1
-1;-1
-1;-1
-1;-1
-1;-1
-1;-1
-1;-1
-1;-1
43;88
-1;-1
-1;-1
-1;-1
-1;-1
-1;-1
-1;-1
-1;-1
51;88
-1;-1
-1;-1
-1;-1
-1;-1
-1;-1
-1;-1
-1;-1
-1;-1
-1;-1
-1;-1
-1;-1
-1;-1
-1;-1
-1;-1
-1;-1
-1;-1
-1;-1
69;88
-1;-1
-1;-1
-1;-1
1;89
-1;-1
-1;-1
-1;-1
-1;-1
-1;-1
-1;-1
-1;-1
-1;-1
-1;-1
-1;-1
-1;-1
-1;-1
-1;-1
-1;-1
-1;-1
-1;-1
-1;-1
19;89
-1;-1
-1;-1
-1;-1
-1;-1
-1;-1
-1;-1
-1;-1
27;89
-1;-1
-1;-1
-1;-1
-1;-1
-1;-1
-1;-1
-1;-1
-1;-1
-1;-1
-1;-1
-1;-1
-1;-1
-1;-1
-1;-1
-1;-1
43;89
-1;-1
-1;-1
-1;-1
-1;-1
-1;-1
-1;-1
-1;-1
51;89
-1;-1
-1;-1
-1;-1
-1;-1
-1;-1
-1;-1
-1;-1
-1;-1
-1;-1
-1;-1
-1;-1
-1;-1
-1;-1
-1;-1
-1;-1
-1;-1
-1;-1
69;89
-1;-1
-1;-1
-1;-1
1;90
-1;-1
-1;-1
-1;-1
-1;-1
-1;-1
-1;-1
-1;-1
-1;-1
-1;-1
-1;-1
-1;-1
-1;-1
-1;-1
-1;-1
-1;-1
-1;-1
-1;-1
19;90
-1;-1
-1;-1
-1;-1
-1;-1
-1;-1
-1;-1
-1;-1
27;90
-1;-1
-1;-1
-1;-1
-1;-1
-1;-1
-1;-1
-1;-1
-1;-1
-1;-1
-1;-1
-1;-1
-1;-1
-1;-1
-1;-1
-1;-1
43;90
-1;-1
-1;-1
-1;-1
-1;-1
-1;-1
-1;-1
-1;-1
51;90
-1;-1
-1;-1
-1;-1
-1;-1
-1;-1
-1;-1
-1;-1
-1;-1
-1;-1
-1;-1
-1;-1
-1;-1
-1;-1
-1;-1
-1;-1
-1;-1
-1;-1
69;90
-1;-1
-1;-1
-1;-1
1;91
2;91
3;91
4;91
5;91
6;91
7;91
8;91
9;91
10;91
11;91
12;91
13;91
14;91
15;91
16;91
17;91
18;91
19;91
-1;-1
-1;-1
-1;-1
-1;-1
-1;-1
-1;-1
-1;-1
27;91
-1;-1
-1;-1
-1;-1
-1;-1
-1;-1
-1;-1
-1;-1
-1;-1
-1;-1
-1;-1
-1;-1
-1;-1
-1;-1
-1;-1
-1;-1
43;91
-1;-1
-1;-1
-1;-1
-1;-1
-1;-1
-1;-1
-1;-1
51;91
52;91
53;91
54;91
55;91
56;91
57;91
58;91
59;91
60;91
61;91
62;91
63;91
64;91
65;91
66;91
67;91
68;91
69;91
-1;-1
-1;-1
-1;-1
1;92
-1;-1
-1;-1
-1;-1
-1;-1
-1;-1
-1;-1
-1;-1
-1;-1
-1;-1
-1;-1
-1;-1
-1;-1
-1;-1
-1;-1
-1;-1
-1;-1
-1;-1
19;92
-1;-1
-1;-1
-1;-1
-1;-1
-1;-1
-1;-1
-1;-1
27;92
-1;-1
-1;-1
-1;-1
-1;-1
-1;-1
-1;-1
-1;-1
-1;-1
-1;-1
-1;-1
-1;-1
-1;-1
-1;-1
-1;-1
-1;-1
43;92
-1;-1
-1;-1
-1;-1
-1;-1
-1;-1
-1;-1
-1;-1
51;92
-1;-1
-1;-1
-1;-1
-1;-1
-1;-1
-1;-1
-1;-1
-1;-1
-1;-1
-1;-1
-1;-1
-1;-1
-1;-1
-1;-1
-1;-1
-1;-1
-1;-1
69;92
-1;-1
-1;-1
-1;-1
1;93
-1;-1
-1;-1
-1;-1
-1;-1
-1;-1
-1;-1
-1;-1
-1;-1
-1;-1
-1;-1
-1;-1
-1;-1
-1;-1
-1;-1
-1;-1
-1;-1
-1;-1
19;93
-1;-1
-1;-1
-1;-1
-1;-1
-1;-1
-1;-1
-1;-1
27;93
-1;-1
-1;-1
-1;-1
-1;-1
-1;-1
-1;-1
-1;-1
-1;-1
-1;-1
-1;-1
-1;-1
-1;-1
-1;-1
-1;-1
-1;-1
43;93
-1;-1
-1;-1
-1;-1
-1;-1
-1;-1
-1;-1
-1;-1
51;93
-1;-1
-1;-1
-1;-1
-1;-1
-1;-1
-1;-1
-1;-1
-1;-1
-1;-1
-1;-1
-1;-1
-1;-1
-1;-1
-1;-1
-1;-1
-1;-1
-1;-1
69;93
-1;-1
-1;-1
-1;-1
1;94
-1;-1
-1;-1
-1;-1
-1;-1
-1;-1
-1;-1
-1;-1
-1;-1
-1;-1
-1;-1
-1;-1
-1;-1
-1;-1
-1;-1
-1;-1
-1;-1
-1;-1
19;94
-1;-1
-1;-1
-1;-1
-1;-1
-1;-1
-1;-1
-1;-1
27;94
-1;-1
-1;-1
-1;-1
-1;-1
-1;-1
-1;-1
-1;-1
-1;-1
-1;-1
-1;-1
-1;-1
-1;-1
-1;-1
-1;-1
-1;-1
43;94
-1;-1
-1;-1
-1;-1
-1;-1
-1;-1
-1;-1
-1;-1
51;94
-1;-1
-1;-1
-1;-1
-1;-1
-1;-1
-1;-1
-1;-1
-1;-1
-1;-1
-1;-1
-1;-1
-1;-1
-1;-1
-1;-1
-1;-1
-1;-1
-1;-1
69;94
-1;-1
-1;-1
-1;-1
1;95
-1;-1
-1;-1
-1;-1
-1;-1
-1;-1
-1;-1
-1;-1
-1;-1
-1;-1
-1;-1
-1;-1
-1;-1
-1;-1
-1;-1
-1;-1
-1;-1
-1;-1
19;95
-1;-1
-1;-1
-1;-1
-1;-1
-1;-1
-1;-1
-1;-1
27;95
-1;-1
-1;-1
-1;-1
-1;-1
-1;-1
-1;-1
-1;-1
-1;-1
-1;-1
-1;-1
-1;-1
-1;-1
-1;-1
-1;-1
-1;-1
43;95
-1;-1
-1;-1
-1;-1
-1;-1
-1;-1
-1;-1
-1;-1
51;95
-1;-1
-1;-1
-1;-1
-1;-1
-1;-1
-1;-1
-1;-1
-1;-1
-1;-1
-1;-1
-1;-1
-1;-1
-1;-1
-1;-1
-1;-1
-1;-1
-1;-1
69;95
-1;-1
-1;-1
-1;-1
1;96
-1;-1
-1;-1
-1;-1
-1;-1
-1;-1
-1;-1
-1;-1
-1;-1
-1;-1
-1;-1
-1;-1
-1;-1
-1;-1
-1;-1
-1;-1
-1;-1
-1;-1
19;96
-1;-1
-1;-1
-1;-1
-1;-1
-1;-1
-1;-1
-1;-1
27;96
-1;-1
-1;-1
-1;-1
-1;-1
-1;-1
-1;-1
-1;-1
-1;-1
-1;-1
-1;-1
-1;-1
-1;-1
-1;-1
-1;-1
-1;-1
43;96
-1;-1
-1;-1
-1;-1
-1;-1
-1;-1
-1;-1
-1;-1
51;96
-1;-1
-1;-1
-1;-1
-1;-1
-1;-1
-1;-1
-1;-1
-1;-1
-1;-1
-1;-1
-1;-1
-1;-1
-1;-1
-1;-1
-1;-1
-1;-1
-1;-1
69;96
-1;-1
-1;-1
-1;-1
1;97
-1;-1
-1;-1
-1;-1
-1;-1
-1;-1
-1;-1
-1;-1
-1;-1
-1;-1
-1;-1
-1;-1
-1;-1
-1;-1
-1;-1
-1;-1
-1;-1
-1;-1
19;97
-1;-1
-1;-1
-1;-1
-1;-1
-1;-1
-1;-1
-1;-1
27;97
-1;-1
-1;-1
-1;-1
-1;-1
-1;-1
-1;-1
-1;-1
-1;-1
-1;-1
-1;-1
-1;-1
-1;-1
-1;-1
-1;-1
-1;-1
43;97
-1;-1
-1;-1
-1;-1
-1;-1
-1;-1
-1;-1
-1;-1
51;97
-1;-1
-1;-1
-1;-1
-1;-1
-1;-1
-1;-1
-1;-1
-1;-1
-1;-1
-1;-1
-1;-1
-1;-1
-1;-1
-1;-1
-1;-1
-1;-1
-1;-1
69;97
-1;-1
-1;-1
-1;-1
1;98
-1;-1
-1;-1
-1;-1
-1;-1
-1;-1
-1;-1
-1;-1
-1;-1
-1;-1
-1;-1
-1;-1
-1;-1
-1;-1
-1;-1
-1;-1
-1;-1
-1;-1
19;98
-1;-1
-1;-1
-1;-1
-1;-1
-1;-1
-1;-1
-1;-1
27;98
-1;-1
-1;-1
-1;-1
-1;-1
-1;-1
-1;-1
-1;-1
-1;-1
-1;-1
-1;-1
-1;-1
-1;-1
-1;-1
-1;-1
-1;-1
43;98
-1;-1
-1;-1
-1;-1
-1;-1
-1;-1
-1;-1
-1;-1
51;98
-1;-1
-1;-1
-1;-1
-1;-1
-1;-1
-1;-1
-1;-1
-1;-1
-1;-1
-1;-1
-1;-1
-1;-1
-1;-1
-1;-1
-1;-1
-1;-1
-1;-1
69;98
-1;-1
-1;-1
-1;-1
1;99
-1;-1
-1;-1
-1;-1
-1;-1
-1;-1
-1;-1
-1;-1
-1;-1
-1;-1
-1;-1
-1;-1
-1;-1
-1;-1
-1;-1
-1;-1
-1;-1
-1;-1
19;99
-1;-1
-1;-1
-1;-1
-1;-1
-1;-1
-1;-1
-1;-1
27;99
-1;-1
-1;-1
-1;-1
-1;-1
-1;-1
-1;-1
-1;-1
-1;-1
-1;-1
-1;-1
-1;-1
-1;-1
-1;-1
-1;-1
-1;-1
43;99
-1;-1
-1;-1
-1;-1
-1;-1
-1;-1
-1;-1
-1;-1
51;99
-1;-1
-1;-1
-1;-1
-1;-1
-1;-1
-1;-1
-1;-1
-1;-1
-1;-1
-1;-1
-1;-1
-1;-1
-1;-1
-1;-1
-1;-1
-1;-1
-1;-1
69;99
-1;-1
-1;-1
-1;-1
1;100
-1;-1
-1;-1
-1;-1
-1;-1
-1;-1
-1;-1
-1;-1
-1;-1
-1;-1
-1;-1
-1;-1
-1;-1
-1;-1
-1;-1
-1;-1
-1;-1
-1;-1
19;100
-1;-1
-1;-1
-1;-1
-1;-1
-1;-1
-1;-1
-1;-1
27;100
-1;-1
-1;-1
-1;-1
-1;-1
-1;-1
-1;-1
-1;-1
-1;-1
-1;-1
-1;-1
-1;-1
-1;-1
-1;-1
-1;-1
-1;-1
43;100
-1;-1
-1;-1
-1;-1
-1;-1
-1;-1
-1;-1
-1;-1
51;100
-1;-1
-1;-1
-1;-1
-1;-1
-1;-1
-1;-1
-1;-1
-1;-1
-1;-1
-1;-1
-1;-1
-1;-1
-1;-1
-1;-1
-1;-1
-1;-1
-1;-1
69;100
-1;-1
-1;-1
-1;-1
1;101
-1;-1
-1;-1
-1;-1
-1;-1
-1;-1
-1;-1
-1;-1
-1;-1
-1;-1
-1;-1
-1;-1
-1;-1
-1;-1
-1;-1
-1;-1
-1;-1
-1;-1
19;101
-1;-1
-1;-1
-1;-1
-1;-1
-1;-1
-1;-1
-1;-1
27;101
-1;-1
-1;-1
-1;-1
-1;-1
-1;-1
-1;-1
-1;-1
-1;-1
-1;-1
-1;-1
-1;-1
-1;-1
-1;-1
-1;-1
-1;-1
43;101
-1;-1
-1;-1
-1;-1
-1;-1
-1;-1
-1;-1
-1;-1
51;101
-1;-1
-1;-1
-1;-1
-1;-1
-1;-1
-1;-1
-1;-1
-1;-1
-1;-1
-1;-1
-1;-1
-1;-1
-1;-1
-1;-1
-1;-1
-1;-1
-1;-1
69;101
-1;-1
-1;-1
-1;-1
1;102
-1;-1
-1;-1
-1;-1
-1;-1
-1;-1
-1;-1
-1;-1
-1;-1
-1;-1
-1;-1
-1;-1
-1;-1
-1;-1
-1;-1
-1;-1
-1;-1
-1;-1
19;102
-1;-1
-1;-1
-1;-1
-1;-1
-1;-1
-1;-1
-1;-1
27;102
-1;-1
-1;-1
-1;-1
-1;-1
-1;-1
-1;-1
-1;-1
-1;-1
-1;-1
-1;-1
-1;-1
-1;-1
-1;-1
-1;-1
-1;-1
43;102
-1;-1
-1;-1
-1;-1
-1;-1
-1;-1
-1;-1
-1;-1
51;102
-1;-1
-1;-1
-1;-1
-1;-1
-1;-1
-1;-1
-1;-1
-1;-1
-1;-1
-1;-1
-1;-1
-1;-1
-1;-1
-1;-1
-1;-1
-1;-1
-1;-1
69;102
-1;-1
-1;-1
-1;-1
1;103
-1;-1
-1;-1
-1;-1
-1;-1
-1;-1
-1;-1
-1;-1
-1;-1
-1;-1
-1;-1
-1;-1
-1;-1
-1;-1
-1;-1
-1;-1
-1;-1
-1;-1
19;103
-1;-1
-1;-1
-1;-1
-1;-1
-1;-1
-1;-1
-1;-1
27;103
-1;-1
-1;-1
-1;-1
-1;-1
-1;-1
-1;-1
-1;-1
-1;-1
-1;-1
-1;-1
-1;-1
-1;-1
-1;-1
-1;-1
-1;-1
43;103
-1;-1
-1;-1
-1;-1
-1;-1
-1;-1
-1;-1
-1;-1
51;103
-1;-1
-1;-1
-1;-1
-1;-1
-1;-1
-1;-1
-1;-1
-1;-1
-1;-1
-1;-1
-1;-1
-1;-1
-1;-1
-1;-1
-1;-1
-1;-1
-1;-1
69;103
-1;-1
-1;-1
-1;-1
1;104
-1;-1
-1;-1
-1;-1
-1;-1
-1;-1
-1;-1
-1;-1
-1;-1
-1;-1
-1;-1
-1;-1
-1;-1
-1;-1
-1;-1
-1;-1
-1;-1
-1;-1
19;104
-1;-1
-1;-1
-1;-1
-1;-1
-1;-1
-1;-1
-1;-1
27;104
-1;-1
-1;-1
-1;-1
-1;-1
-1;-1
-1;-1
-1;-1
-1;-1
-1;-1
-1;-1
-1;-1
-1;-1
-1;-1
-1;-1
-1;-1
43;104
-1;-1
-1;-1
-1;-1
-1;-1
-1;-1
-1;-1
-1;-1
51;104
-1;-1
-1;-1
-1;-1
-1;-1
-1;-1
-1;-1
-1;-1
-1;-1
-1;-1
-1;-1
-1;-1
-1;-1
-1;-1
-1;-1
-1;-1
-1;-1
-1;-1
69;104
-1;-1
-1;-1
-1;-1
1;105
2;105
3;105
4;105
5;105
6;105
7;105
8;105
9;105
10;105
11;105
12;105
13;105
14;105
15;105
16;105
17;105
18;105
19;105
20;105
21;105
22;105
23;105
24;105
25;105
26;105
27;105
28;105
29;105
30;105
31;105
32;105
33;105
34;105
35;105
36;105
37;105
38;105
39;105
40;105
41;105
42;105
43;105
44;105
45;105
46;105
47;105
48;105
49;105
50;105
51;105
52;105
53;105
54;105
55;105
56;105
57;105
58;105
59;105
60;105
61;105
62;105
63;105
64;105
65;105
66;105
67;105
68;105
69;105
-1;-1
-1;-1
-1;-1
-1;-1
-1;-1
-1;-1
-1;-1
-1;-1
-1;-1
-1;-1
-1;-1
-1;-1
-1;-1
-1;-1
-1;-1
-1;-1
-1;-1
-1;-1
-1;-1
-1;-1
-1;-1
-1;-1
-1;-1
-1;-1
-1;-1
-1;-1
-1;-1
-1;-1
-1;-1
-1;-1
-1;-1
-1;-1
-1;-1
-1;-1
-1;-1
-1;-1
-1;-1
-1;-1
-1;-1
-1;-1
-1;-1
-1;-1
-1;-1
-1;-1
-1;-1
-1;-1
-1;-1
-1;-1
-1;-1
-1;-1
-1;-1
-1;-1
-1;-1
-1;-1
-1;-1
-1;-1
-1;-1
-1;-1
-1;-1
-1;-1
-1;-1
-1;-1
-1;-1
-1;-1
-1;-1
-1;-1
-1;-1
-1;-1
-1;-1
-1;-1
-1;-1
-1;-1
-1;-1
-1;-1
-1;-1
-1;-1
-1;-1
-1;-1
-1;-1
-1;-1
-1;-1
-1;-1
-1;-1
-1;-1
-1;-1
-1;-1
-1;-1
-1;-1
-1;-1
-1;-1
-1;-1
-1;-1
-1;-1
-1;-1
-1;-1
-1;-1
-1;-1
-1;-1
-1;-1
-1;-1
-1;-1
-1;-1
-1;-1
-1;-1
-1;-1
-1;-1
-1;-1
-1;-1
-1;-1
-1;-1
-1;-1
-1;-1
-1;-1
-1;-1
-1;-1
-1;-1
-1;-1
-1;-1
-1;-1
-1;-1
-1;-1
-1;-1
-1;-1
-1;-1
-1;-1
-1;-1
-1;-1
-1;-1
-1;-1
-1;-1
-1;-1
-1;-1
-1;-1
-1;-1
-1;-1
-1;-1
-1;-1
-1;-1
-1;-1
-1;-1
-1;-1
-1;-1
-1;-1
-1;-1
-1;-1
-1;-1